5 -107
-49 -158 272 278 -109
440 165 492 42 987
-127 -40 3 -9 -160
6 734
-97 212 -110 -79 -279 -67
672 393 336 485 745 228
-294 -101 -208 268 24 30
7 1208
101 -177 228 -298 -235 -165 263
536 425 669 115 94 629 501
-95 -104 -198 23 -82 266 237
8 709
-128 -158 -297 204 -131 -75 -98 199
968 412 260 557 594 8 395 968
-130 162 265 52 -21 -112 -101 231
9 1396
79 -106 298 -219 23 -260 -126 -206 -170
238 94 220 844 366 534 226 394 363
244 50 -223 -85 -272 -47 -196 -223 44
10 570
142 -279 144 -218 192 -91 -269 -153 -125 62
211 808 377 761 625 335 868 995 776 767
-274 -156 -172 194 155 -7 -193 -80 -255 63
11 1522
-144 108 -51 -3 -231 119 -209 229 -154 237 -117
525 200 256 564 597 648 704 550 150 976 412
297 281 165 299 -229 -283 -207 -122 -276 -124 266
12 782
98 -33 -176 66 -211 114 -237 -191 262 -197 -188 -273
877 304 358 200 254 960 915 947 480 730 955 546
-38 226 -57 -14 -260 118 -285 -115 -102 -43 -267 -269
13 709
85 259 230 132 -103 -220 231 103 220 -158 -176 34 79
832 574 549 542 249 771 310 879 983 970 40 723 650
-129 246 -30 -176 144 96 -264 98 -140 -51 -5 118 149
14 536
-88 -208 24 -157 -90 110 -153 -260 203 107 -110 299 -71 -14
625 641 517 348 842 315 974 445 373 220 911 239 54 305
-253 -166 4 198 120 280 -252 -98 -111 191 -28 -161 -120 158
15 730
-94 -127 -95 -142 206 -24 -97 -103 108 81 -10 5 -181 291 -65
827 536 728 125 384 167 949 476 46 576 666 467 520 384 991
158 -44 118 25 -189 214 -18 29 227 154 296 -183 165 -252 76
16 320
-92 147 -199 -15 -79 -64 -201 -89 233 189 217 38 -38 121 -196 -88
359 987 35 235 912 684 989 784 734 667 519 615 45 976 661 825
-131 -298 239 3 -265 -107 265 -154 50 -32 241 77 -100 -265 -222 -117
17 757
-8 -257 -152 21 -296 -130 55 -12 -227 244 -98 256 203 -14 -166 -121 -252
86 719 150 410 623 669 605 943 311 431 992 816 699 971 639 370 836
-257 -28 -210 -276 -291 11 126 -90 64 184 -141 -279 137 161 -65 232 254
18 803
19 177 -236 299 259 190 48 244 150 -95 -231 -45 -57 228 -73 -269 3 -275
518 300 489 262 54 263 643 889 250 735 415 364 494 963 758 652 92 316
20 150 141 -196 -201 28 -248 -253 -229 -219 -20 79 10 13 138 244 193 -180
19 -73
-43 -252 -24 280 157 -298 145 209 49 290 -243 -185 75 -151 251 -283 237 -298 37
285 878 284 342 915 960 67 140 707 566 728 562 363 969 890 623 278 313 761
240 0 207 251 31 39 84 208 154 -28 -70 -47 143 208 -152 63 -119 -56 -187
20 146
66 -274 109 -34 -184 -149 167 89 -73 -95 274 -31 28 170 -297 -246 211 263 181 -130
321 213 128 950 600 959 754 992 194 330 632 559 777 779 632 272 383 81 153 622
-56 191 96 4 -129 275 16 -280 288 228 62 249 -283 -259 59 -282 54 81 28 -144
21 608
23 -219 231 -146 -70 210 164 261 -120 161 -234 -90 60 -28 81 68 -122 -217 -64 156 -241
355 836 489 728 120 902 312 616 347 946 851 672 811 523 736 605 607 633 866 553 412
-40 -57 -195 -151 94 138 -175 292 -262 236 273 284 219 28 -162 -116 -172 200 98 45 100
22 365
1 -121 13 -31 -19 256 254 14 -137 197 -260 291 -74 -277 184 -50 -299 -109 264 -212 -134 -83
600 259 310 753 891 321 225 253 929 96 553 661 858 491 963 920 768 687 526 472 219 641
51 245 174 176 -226 -244 -279 -229 248 117 -238 129 68 299 -29 188 219 137 118 -283 20 61
23 1524
-178 63 -206 268 -119 -177 53 253 -171 -104 32 -131 -68 110 70 165 -179 -27 -163 -166 83 -84 -156
399 664 93 886 633 924 47 194 330 767 665 910 682 805 314 652 241 585 591 806 760 960 912
-130 -200 -67 188 286 195 -202 283 -36 189 25 -122 -105 -91 -74 262 283 19 -230 175 62 -236 208
24 118
-100 196 -45 -162 -254 -86 110 173 -235 271 221 -13 257 43 -68 -15 91 -269 34 43 -106 207 -203 -247
34 949 416 759 938 550 183 186 96 685 524 922 363 181 12 251 202 495 536 454 208 980 31 830
-114 36 -9 -19 -110 209 -267 -66 -120 -77 142 81 -230 -136 145 33 56 117 -81 205 260 -1 144 -55
25 1513
-281 -218 29 -82 132 -195 204 -211 -210 251 261 205 13 -136 194 43 -102 -170 -212 -132 97 -73 219 11 -178
542 45 270 562 8 983 99 709 213 550 951 665 502 617 953 299 916 584 869 442 503 515 329 257 382
252 226 -255 -152 22 -286 -79 190 -86 -227 -298 -17 -76 -263 183 222 -191 -142 -253 80 15 -210 -258 233 259
26 954
126 295 -277 -58 220 -227 -62 37 257 -7 -158 -143 -181 -57 -17 124 259 -116 151 122 -115 -161 -231 23 44 138
431 359 935 265 801 387 437 948 120 424 894 775 903 989 286 845 143 257 332 261 578 104 202 31 220 686
43 -148 117 -25 -63 280 179 -14 -89 -105 -214 -208 -249 -29 166 285 118 -279 -283 -59 -174 75 136 -215 13 292
27 395
206 206 -14 170 217 104 163 -198 256 112 -80 104 -73 279 -69 -131 -233 -220 197 171 220 118 -17 13 56 294 170
463 649 134 425 871 891 650 217 10 654 525 901 494 392 34 970 546 187 121 565 589 971 865 160 110 775 109
23 74 194 -175 -157 -122 172 -39 -17 290 96 295 116 -84 -278 72 -135 -126 30 -258 -212 -112 128 -26 226 -181 92
28 170
240 15 92 -252 -77 -26 -61 -49 -219 176 -81 -159 -193 -129 248 -79 27 231 -6 172 -230 277 -94 -52 -177 151 284 115
219 177 695 895 664 600 118 117 723 617 754 568 587 575 913 122 157 716 582 142 962 8 440 305 170 406 201 719
262 -135 294 -210 -163 -147 -110 -147 148 -188 -32 -156 -202 -189 -94 7 0 201 -44 74 -75 -166 91 -140 59 -97 -63 85
29 -43
253 176 -97 -203 274 3 281 25 -125 85 -21 60 72 -53 -281 -262 45 70 0 -47 -170 -259 79 29 -156 81 62 -45 254
157 93 15 808 861 966 173 878 86 30 52 26 379 710 432 951 772 301 187 879 608 537 36 202 478 123 88 574 509
123 23 179 -274 131 -71 -294 -156 16 -113 257 57 36 -233 -10 66 108 -273 -296 -224 208 -261 -71 214 89 -159 194 27 -242
30 499
9 283 -38 138 181 50 175 274 -242 220 205 120 103 50 -262 170 242 -135 -134 -274 190 6 -243 55 275 75 97 -237 -183 -176
883 82 827 151 599 305 951 377 6 790 595 396 661 231 725 606 379 470 24 357 122 53 473 280 503 83 934 582 857 563
-137 -287 251 122 230 206 -17 -139 -192 -144 83 -65 -87 287 -79 163 99 -1 5 144 276 219 -88 -52 158 -181 116 -145 185 213
31 1570
-270 -179 239 -45 -48 177 -91 98 -204 56 -133 192 270 -153 228 -182 0 -255 -84 247 288 -108 174 -261 24 -189 244 147 -267 -276 -36
537 146 362 757 942 596 903 381 281 294 788 804 655 687 983 217 565 293 256 938 851 487 190 680 832 526 429 707 414 617 925
126 -257 -107 -151 -59 -65 -94 -164 -129 -72 53 -232 59 240 289 18 86 262 98 -227 -127 -109 235 -161 -132 219 103 231 204 -74 -11
32 450
192 115 -113 -80 -5 149 -9 -148 -107 280 -163 -266 0 -42 291 -293 -198 -261 -277 -97 -212 -160 -165 -213 250 223 22 16 -277 112 276 241
618 475 919 943 763 781 58 582 467 152 551 461 895 617 429 627 991 286 460 456 992 1 239 411 384 970 513 670 308 985 120 357
-197 -99 183 -119 -237 -299 218 -15 -115 -24 -266 96 278 -71 245 177 254 -208 -108 -252 -211 60 110 210 -260 -120 6 -208 -224 -193 116 181
33 1528
-22 -95 -183 57 56 -201 -10 295 191 -81 -220 15 224 -264 -295 -193 105 -78 -130 -287 174 70 -211 64 288 -62 16 -177 77 -90 51 -221 -40
364 777 136 5 11 684 655 975 159 539 649 899 172 974 990 466 742 222 21 460 834 447 293 417 101 365 248 774 332 388 765 258 2
119 37 36 208 233 -237 194 -210 -205 107 -174 207 114 -39 87 -148 -213 -60 -170 -56 226 122 -199 -296 -141 35 171 -207 92 -52 -213 3 217
34 360
-88 -166 -38 267 -22 231 -20 -164 -205 -242 88 85 73 -197 -252 286 117 223 196 -279 242 297 111 -44 25 72 -157 -27 -182 -44 113 -1 -223 -64
991 458 959 343 748 527 452 133 8 541 121 899 469 730 381 576 213 507 154 398 469 415 680 647 827 475 788 186 864 247 706 38 627 702
-79 -46 -140 241 202 -269 -108 43 -280 202 70 -287 208 -205 -14 -265 -259 -90 -82 103 -184 -104 27 224 214 -248 204 -35 236 -225 154 133 -130 170
35 1579
155 79 20 201 249 -2 104 -160 128 -1 282 85 -23 -68 27 -274 -237 -20 -12 83 241 67 -288 -33 281 -132 -50 -70 -223 -74 -218 0 91 -119 -193
612 79 969 518 830 498 549 657 190 768 808 426 872 652 117 993 611 441 731 707 268 763 801 922 737 258 978 46 194 163 583 910 84 773 787
269 -262 248 -130 294 150 115 91 -271 -101 110 -292 -128 112 -239 -251 264 111 291 -41 -97 -6 -111 182 -118 -3 208 -37 99 -249 -118 275 -181 230 -128
36 207
-237 295 207 125 -66 -150 175 -65 129 73 -156 -53 152 162 211 194 -82 209 44 -165 3 -204 155 175 -163 11 187 177 -190 -220 -290 11 162 169 78 257
899 850 19 298 643 968 176 501 46 488 720 481 249 711 347 844 476 796 78 256 236 662 639 639 479 487 266 100 606 91 356 898 346 870 633 1
284 27 86 -89 -27 200 240 10 -123 -223 214 269 262 -135 -171 270 193 26 -199 -126 41 -219 -215 -198 168 -189 -83 -20 -242 50 132 192 2 290 -202 275
37 1544
-47 -95 93 194 258 -166 42 54 -245 -72 96 -246 106 143 -14 -17 92 -68 -37 32 -66 192 260 -15 -285 -63 264 125 215 286 223 50 -120 -179 117 -230 -51
71 528 22 599 952 256 749 76 704 648 687 633 14 657 59 210 276 800 16 170 72 555 442 786 914 586 129 283 587 587 731 659 585 199 719 571 269
-153 41 148 -226 -228 163 -247 131 290 123 -129 -283 -174 -246 -231 -155 79 84 174 185 -145 -200 8 -112 -150 85 -249 68 296 -173 285 19 -4 -29 94 131 -269
38 -100
-155 -20 275 -268 67 144 190 -125 143 -112 -96 63 227 -3 -143 -100 -229 97 -216 -179 -148 -48 160 192 -217 88 245 79 -275 -153 -140 -127 -256 85 -106 -172 -199 -146
953 37 149 822 120 454 822 846 459 196 128 752 216 657 876 299 193 903 536 263 435 515 119 621 493 152 344 515 876 623 980 9 937 923 885 742 441 757
98 -62 -134 123 -83 186 193 -9 67 298 252 32 101 41 94 -174 -37 296 -172 133 136 115 11 -246 -220 -226 114 -201 -183 -45 170 -147 81 41 -201 -123 -61 -132
39 621
-177 -255 -226 -223 -139 167 -183 -173 -86 -217 -93 -114 116 -207 -80 204 -144 -163 192 220 129 181 155 79 -295 -150 289 -157 282 -14 -242 -212 266 190 -289 -135 -36 23 -202
805 627 618 105 663 92 138 549 933 108 736 231 496 28 709 544 217 936 436 309 539 290 814 4 868 56 284 17 275 665 912 610 459 188 348 633 832 734 906
110 -275 8 -107 -257 -107 10 236 138 -115 -72 -243 -239 -226 185 -280 156 -89 -265 151 -173 -144 203 -240 -153 52 68 187 62 196 164 -245 209 -278 -231 11 260 -297 106
40 833
-180 -178 109 166 -236 -26 -236 152 267 136 215 199 -12 236 110 -254 -123 -173 -257 116 -271 176 -207 -75 192 263 29 36 -115 -175 -208 109 177 -124 -119 244 -215 254 -67 -248
796 870 536 413 642 41 678 603 981 362 219 808 711 776 182 367 423 668 120 951 420 749 662 624 291 865 771 29 869 73 383 127 568 988 11 230 624 957 639 259
279 277 101 -232 -62 -179 0 -131 -218 -110 219 -192 76 -236 -166 226 177 85 -5 6 -118 181 -33 -81 162 19 -279 -85 -282 56 -194 259 163 -130 150 -265 -239 -13 -192 153
41 1521
-43 67 -110 -264 -149 87 -244 121 -252 212 262 -84 116 -17 108 61 163 258 132 273 211 -253 272 7 -38 181 137 141 33 -4 -191 -260 -236 -49 -125 -128 7 -172 -23 -262 14
238 596 419 347 863 174 558 269 132 12 67 179 722 366 448 254 263 884 647 779 600 137 823 620 611 955 138 645 219 709 777 143 708 292 276 749 2 152 13 271 874
-4 -186 0 15 157 -213 77 -250 170 9 -10 191 66 -183 -115 -91 221 283 173 -40 227 -228 15 -114 -54 232 239 -12 -118 -47 -187 -293 -133 -207 -152 -90 -233 -223 161 15 -179
42 802
205 234 104 -293 248 187 297 -120 -73 -216 -156 234 117 -56 229 -204 27 96 282 -48 -4 236 22 181 -272 -290 -269 279 85 -222 -278 -202 -21 216 -70 281 -12 -151 248 -257 -290 -289
5 489 385 767 936 105 623 359 336 888 234 451 732 666 888 535 515 769 297 87 886 390 390 169 552 296 255 801 200 890 234 594 600 874 588 286 25 353 391 868 275 420
-199 -195 -51 -139 -169 -198 179 -143 226 -45 271 -85 -280 -234 147 224 173 191 -239 30 160 238 110 158 -194 280 98 -255 43 -49 200 265 189 292 257 90 -105 -89 238 250 -196 -44
43 1187
119 102 77 -293 -147 -149 -241 -179 99 266 -71 217 -295 -297 251 46 -279 79 -197 37 70 -114 297 -178 -119 -12 -236 189 209 -195 -104 -133 61 -161 251 -42 288 -203 218 196 111 -36 -160
220 177 798 818 997 480 138 735 62 903 40 392 276 474 326 734 364 147 643 892 876 363 268 90 616 796 53 860 957 277 558 365 794 538 130 913 927 11 851 46 948 582 126
-108 173 -215 122 118 250 269 197 253 42 -156 -36 -126 57 -140 267 213 -132 -236 -297 41 -237 81 36 145 -224 -241 -18 -177 -68 290 47 15 -239 -133 16 -70 96 -140 -91 -189 285 -17
44 -1
267 232 -288 -129 100 112 -39 -207 -276 160 135 -97 -86 113 -242 -177 -192 295 -93 -177 -219 -140 -55 -34 -282 21 -167 -44 178 151 -266 -265 84 256 248 -55 157 162 57 -195 -199 -236 84 -71
96 806 93 453 883 355 138 980 705 415 833 34 947 689 194 983 703 100 919 605 114 974 664 395 438 593 820 5 835 449 814 808 129 433 183 436 240 882 636 806 178 404 646 704
-224 -244 -51 88 -92 -92 280 181 196 -193 153 97 -259 -55 119 -27 166 -73 -183 176 185 -9 299 0 -102 218 -156 100 -184 123 -267 -145 235 -41 154 203 -137 -58 -204 -14 -61 -225 160 171
45 1557
188 -137 -12 -27 -296 -46 -162 168 -238 211 231 -199 -26 -9 -216 29 -78 -101 -266 249 14 -41 -220 76 -193 145 280 103 243 78 -184 -183 -9 -285 37 -87 225 -216 251 66 153 141 -139 137 240
351 285 271 526 222 63 224 806 891 451 305 704 961 408 251 97 48 764 126 708 624 154 788 45 591 318 222 119 168 282 89 148 782 343 974 207 226 195 946 115 504 730 404 750 514
213 293 -62 -259 -195 117 62 113 19 -34 -98 -282 -172 287 284 42 -184 -187 249 41 137 87 -200 -149 153 -197 276 183 -268 175 280 54 -169 -78 217 161 -231 89 -16 8 -148 -59 81 -181 -208
46 180
112 51 169 -210 291 -120 221 -189 -179 48 188 -33 -169 -173 84 -70 -257 14 248 291 -104 -217 114 186 275 -74 253 52 162 -264 139 107 111 22 176 220 295 -164 91 98 -96 141 272 73 -96 -154
250 369 57 851 762 592 464 699 258 478 178 207 167 921 885 369 456 450 78 210 805 639 557 140 417 483 385 634 840 820 95 381 53 919 371 728 492 928 106 186 26 763 376 961 656 162
-139 -160 0 120 169 12 -67 -25 119 -145 220 136 -146 60 -143 -121 -110 -143 -53 -281 -21 211 67 -264 -197 267 9 -257 -145 -112 183 65 -175 -104 -215 186 231 -235 -152 -58 -269 292 43 -93 72 71
47 343
-178 131 -10 132 -123 -69 141 -109 -243 -246 147 206 204 103 -210 -248 -156 237 -213 66 254 290 119 -94 -225 -268 114 67 38 119 -26 206 226 269 -115 -266 -139 112 -261 219 140 241 -110 113 -242 96 27
393 878 44 64 508 291 116 897 373 680 788 690 112 561 953 641 971 630 233 158 339 16 503 673 973 711 869 507 723 581 435 109 639 905 63 926 752 547 88 584 586 969 99 11 834 13 240
278 142 101 -140 -143 -256 34 258 -122 192 163 -175 -240 -88 95 -299 -10 -233 249 191 81 -180 58 -207 175 60 135 -253 244 46 -26 29 -284 -210 -14 150 -293 204 172 -65 -226 -162 32 141 90 -45 151
48 -125
-173 -48 115 -122 -265 167 -165 -36 152 -14 -239 260 67 -249 -79 10 7 181 -134 -114 223 105 152 79 -294 -72 -131 -252 12 294 239 84 207 202 -34 276 -77 -32 124 -296 196 31 -127 156 166 -37 262 1
55 728 120 265 501 853 154 257 772 326 908 900 295 496 577 951 101 984 143 764 783 163 279 260 853 839 527 765 140 860 385 902 10 963 232 910 127 384 103 622 14 87 146 576 772 986 856 758
204 -274 94 222 262 184 -79 96 273 -224 -63 -43 -43 -135 282 81 -273 294 -231 -19 196 175 -43 -83 117 120 -238 155 200 195 -241 85 -237 28 -152 -171 278 130 165 139 -123 -283 -242 226 -257 -138 102 -261
49 1523
151 -247 -5 -124 -291 266 159 129 225 -142 280 144 -214 175 -239 183 -284 99 -279 223 18 18 -113 238 211 136 273 -240 -180 -277 -275 65 -165 -112 -275 -83 247 164 228 6 211 181 -40 -32 -40 13 -46 107 -58
420 509 320 956 200 968 639 295 240 536 569 524 389 645 817 205 640 698 397 473 546 267 685 188 798 480 674 613 22 937 283 628 514 163 758 742 784 740 645 787 719 112 47 599 250 808 376 906 776
-192 -223 -150 -25 23 -64 248 -163 124 200 -193 4 -203 -49 -238 43 146 -54 -29 201 78 -287 -294 -197 259 -83 200 -147 227 222 -175 -79 -163 50 -247 214 73 80 -203 261 265 49 -22 -281 -49 -211 234 -148 -122
5 2089
181 246 31 295 897
387 524 827 492 617
276 267 211 297 355
15 2726
148 524 251 768 392 868 963 144 748 627 878 443 980 443 958
16 114 233 596 374 742 635 281 431 245 200 391 520 507 72
953 333 229 302 381 632 994 365 538 797 848 254 640 511 418
25 2048
550 440 823 867 648 719 398 117 157 197 829 995 763 334 354 244 404 270 105 14 936 809 731 170 333
697 164 69 139 528 990 542 863 417 110 817 207 424 204 836 877 757 510 587 984 819 251 610 557 814
875 620 221 855 495 854 18 470 562 886 552 391 767 271 88 423 863 322 191 968 232 593 706 874 969
35 2894
867 218 336 624 119 884 234 945 499 475 186 685 102 121 878 665 619 929 668 18 659 17 526 424 695 994 916 69 774 728 120 954 654 468 421
779 630 259 961 465 634 94 329 822 918 627 80 945 255 602 75 265 136 594 898 393 777 676 342 44 233 269 746 8 981 892 208 405 856 969
686 227 730 292 395 661 316 86 277 732 72 56 544 88 288 834 137 157 811 909 533 876 270 310 691 251 21 731 830 710 23 75 588 727 443
45 1639
979 503 81 748 296 610 344 903 4 787 244 735 383 81 373 861 946 688 931 434 844 491 302 62 157 81 103 165 969 219 799 262 76 196 948 308 178 309 540 727 267 439 239 894 675
696 402 240 542 916 87 128 329 71 684 993 883 488 312 106 701 260 5 408 11 693 864 727 105 26 393 203 820 325 915 51 114 446 472 734 544 909 493 675 383 871 959 615 991 593
195 974 195 512 652 856 46 145 466 578 325 167 278 766 260 941 412 131 901 490 133 475 298 795 17 264 506 135 690 69 832 42 66 71 489 432 876 219 608 53 216 567 625 566 584
5 743
-273 279 -193 299 -293
4 -147 250 4 -248
12 133 -102 -99 184
6 333
290 -18 -15 235 204 -205
45 -87 263 -54 -245 169
-87 -109 197 102 -254 183
7 477
-5 -43 -168 170 175 161 -45
-131 -160 157 155 144 -246 -31
-274 135 113 -170 116 -212 -269
8 34
62 -183 -172 -164 -63 208 162 233
-3 23 -119 258 158 104 4 218
220 -223 -286 106 -117 163 88 -79
9 759
-237 286 -94 -275 8 -194 -271 86 -69
245 -107 128 145 22 50 236 -241 87
218 -170 -103 -48 185 -294 -289 -261 151
10 -454
123 -239 32 -280 -32 -205 -211 -156 -89 113
-81 5 -247 238 -295 30 -252 55 51 178
-223 -256 120 -107 -116 139 -225 56 -123 -284
11 802
256 122 -109 179 120 260 -197 -28 -11 109 31
117 -287 271 46 228 -219 157 -193 60 -120 -249
-237 234 28 -152 155 -43 -116 261 -2 45 90
12 169
178 -215 -127 -57 56 272 -12 -182 -270 -5 146 -224
207 -5 -15 199 -177 27 -191 -49 -281 105 -265 -62
130 -87 147 51 90 -215 4 181 -52 150 -41 36
13 817
-148 116 189 -183 -188 -54 -207 -271 -69 292 13 184 -87
14 206 48 -114 246 -118 -134 105 -136 147 121 27 -225
-5 269 -274 51 9 -119 -179 -249 48 -91 -113 171 226
14 -34
-149 96 -219 -1 234 -62 -285 -58 187 -16 -198 43 5 83
-2 14 115 -134 175 -183 281 -292 251 -96 -216 -44 189 189
-224 -1 223 -60 145 -168 48 165 149 65 39 233 -133 89
15 1560
-103 68 -246 235 280 -156 -46 174 252 -216 190 -212 -226 -219 -162
407 113 518 630 983 915 48 158 148 855 916 733 138 966 889
-92 -144 -241 -57 -111 -151 -222 -109 88 287 -262 -248 -74 121 -98
115 1593
94 200 -103 30 -144 166 292 66 219 289 -226 -216 216 119 288 -259 85 258 -272 -124 -125 -80 -116 -20 98 73 68 165 -281 164 232 113 296 89 -47 -271 -207 -152 55 -256 -54 171 68 -58 -175 164 294 249 -278 287 -31 295 68 136 260 116 227 80 67 299 279 112 44 -283 -48 161 -61 117 239 195 -32 -257 102 270 149 40 152 -284 6 200 7 -296 -215 -19 -163 -188 2 255 141 56 148 -17 -197 201 283 205 258 204 185 60 -129 160 -162 87 -16 33 -274 -56 -158 -157 0 138 -133 159 -241
24 580 122 880 768 540 724 172 236 226 869 188 712 988 97 591 808 133 689 848 994 250 876 668 861 870 424 478 563 1 670 758 664 53 760 344 500 91 20 961 963 632 201 8 850 505 494 512 221 988 530 459 325 580 205 481 763 625 601 254 907 387 977 871 482 356 248 979 475 993 247 275 581 577 603 488 432 253 235 721 771 179 714 246 77 205 361 400 255 368 229 869 428 674 285 903 362 150 315 864 601 910 558 936 164 687 331 945 183 804 352 989 985 163 511
279 151 258 54 256 0 55 -98 -44 80 -233 49 19 -235 -79 169 212 248 -164 -184 186 -44 14 -199 35 6 -20 88 93 -151 -163 -261 -179 271 227 -244 132 -54 132 -31 -168 53 -214 -292 25 -85 -62 -34 138 -120 -4 142 -122 -4 212 -74 -153 -58 236 -160 220 -254 63 73 3 166 154 -242 -66 167 290 280 130 -292 -58 122 237 228 -222 -59 119 92 111 165 72 -82 -192 117 28 -230 -264 54 105 -223 46 46 173 -56 -171 13 -114 4 87 -94 110 -117 -36 -284 279 41 81 63 -267 -295 -80
215 1601
-41 54 -128 246 -51 -245 200 282 -219 -38 246 196 -145 -60 202 230 -18 298 -126 -288 -111 -7 -285 284 174 67 -232 -22 155 -69 -281 -290 -101 271 13 -47 -170 -50 245 123 72 44 -1 125 -79 96 -107 -73 13 56 87 -103 107 -123 256 211 -297 97 66 -111 200 88 163 -234 -163 212 177 228 -169 -68 282 223 -197 -94 114 -196 -68 -218 223 -207 65 17 134 12 60 87 -166 -262 163 -81 -86 -238 -35 73 -193 -222 168 120 -286 -53 135 103 65 -264 -212 -233 -10 -127 -96 100 -122 -157 70 59 -225 -227 -195 -143 -185 -222 237 -35 -198 184 289 -63 -187 160 285 -90 -198 -1 259 236 74 9 69 -65 -285 125 -234 29 185 113 -61 -74 -281 -45 297 39 287 -175 249 289 121 66 20 -288 295 64 87 -108 -89 -46 179 282 -190 -168 75 -230 47 59 -96 -95 -44 -138 121 129 206 20 237 -229 70 -267 153 -30 -105 121 -255 -153 -213 -164 197 -287 -61 -41 34 -256 -187 -126 220 -78 44 201 -171 53 262 -218 162 -93 206 -195 -49 186 162
280 793 915 945 203 528 131 562 354 876 705 301 381 820 186 875 819 321 502 772 799 491 237 986 566 243 420 329 399 876 113 879 344 835 996 332 997 82 46 883 235 783 115 121 326 423 247 215 628 728 387 370 344 7 299 734 762 847 216 485 461 24 934 821 436 430 259 584 765 306 70 818 845 147 877 657 172 292 868 834 373 616 554 873 348 3 911 347 643 679 517 175 202 729 569 978 28 754 243 561 493 332 840 198 103 192 664 481 41 776 877 71 875 184 422 23 901 827 774 13 830 429 165 441 985 324 783 361 744 624 440 370 186 489 921 628 392 798 725 263 377 811 272 885 731 244 566 357 352 524 43 773 784 470 199 302 524 573 797 548 673 254 993 725 921 801 192 869 637 771 399 633 97 52 714 801 863 954 847 72 746 347 110 492 251 81 62 973 606 963 403 753 139 142 669 510 694 761 985 597 835 718 797 952 270 84 421 373 60 114 634 86 439 248 742
73 10 -100 213 -125 209 -66 16 -251 -237 -219 289 248 144 71 -120 233 -1 131 177 152 -185 -147 259 -216 271 -33 12 40 -212 -292 84 168 135 -277 192 58 -287 149 250 0 -198 -211 128 -262 58 -222 -25 180 149 -182 244 -289 -92 131 261 174 -204 294 26 231 -83 -100 -192 -39 -138 -23 -27 -29 -195 -104 91 -192 -31 68 228 -4 49 173 -93 89 293 2 2 -280 104 176 205 -5 225 -288 37 78 21 214 -85 -31 -263 210 -113 -153 214 -199 -76 189 -187 -220 -132 -145 182 118 245 68 90 -184 240 -132 192 96 194 -187 -283 -164 -128 293 213 -112 225 -27 -2 274 -46 191 296 -194 20 66 117 -95 249 -176 241 173 -255 -191 -233 33 -158 255 124 207 189 -92 281 -295 -117 24 132 134 -126 290 -137 245 -7 -180 203 -142 20 -240 -179 211 -245 135 -119 54 -119 146 -274 94 47 137 -104 -184 197 273 177 -254 225 -6 -92 -265 -127 -170 65 -177 94 -52 -58 0 267 237 71 194 -222 -167 -269 -224 46 -223 -192 -276 272 216 166 98
315 1598
-227 233 48 -246 56 173 165 67 187 -54 -7 -135 -195 -39 79 -52 -289 -154 206 -250 248 -79 99 257 30 -6 -61 -76 202 144 -27 -54 165 -184 32 -51 -269 -212 -233 -179 -100 272 -179 -256 221 124 267 3 -275 268 -83 98 102 -256 3 63 -212 292 293 159 -153 -287 -66 -176 157 97 183 139 49 285 239 251 38 77 -290 -206 -2 265 242 -261 -148 139 -54 177 218 279 186 139 206 196 -218 -241 -293 -86 -252 -42 -30 191 -117 -149 220 -79 15 71 -34 -261 234 -244 -278 232 59 -257 225 296 -244 -185 -239 -113 -34 -243 -38 -272 24 -115 196 -134 275 43 10 234 253 -6 118 96 57 126 120 215 -219 -65 6 -271 -70 -71 -142 75 2 71 176 221 179 -58 156 -188 -98 126 199 185 -45 115 169 64 -176 -80 -30 90 147 -263 -52 -59 139 -128 243 296 -238 -284 -132 -166 167 132 268 11 -277 -252 -218 -291 -177 -100 130 41 -262 96 -176 -54 80 190 149 -57 32 1 14 -44 -108 254 -98 -96 -180 -161 -171 277 92 -166 201 224 170 -266 -232 86 -116 150 -144 193 210 -250 -212 293 -253 -128 -75 25 80 259 -229 -78 -290 191 0 2 -60 -248 -100 105 -112 271 74 244 -206 -134 100 34 -159 -107 -280 -299 245 85 189 -148 -98 -291 -283 140 -145 71 -87 -80 -287 61 39 -148 -197 106 -240 -85 212 -146 98 -257 -192 -266 -100 -251 -99 -48 285 -255 -20 151 66 -294 -251 126 -82 44 102 -96 288 -71 -279 162 -107 -270 -191 -287 20 -38 105 22 -158 -147 -201 -233 152 -35 134
590 469 474 702 490 274 221 150 529 615 889 709 19 407 517 872 568 284 696 566 227 829 9 17 667 287 659 247 560 86 918 132 744 812 953 266 496 155 927 803 96 47 560 514 258 563 700 187 496 814 700 591 565 428 332 150 975 281 340 158 775 6 558 415 563 150 371 639 311 753 15 836 219 679 460 360 552 767 106 995 881 148 958 869 250 737 893 605 264 955 99 761 445 582 36 414 940 306 57 894 77 197 325 698 636 152 412 86 19 101 597 75 607 843 248 851 553 628 765 907 448 233 585 496 576 744 80 872 20 746 237 866 627 749 605 733 145 346 723 443 202 479 272 619 646 616 596 106 857 537 886 683 314 837 706 742 251 795 58 995 472 47 199 248 370 715 153 922 915 522 194 194 373 793 512 36 161 435 104 279 112 108 274 893 621 51 68 148 848 917 352 14 902 989 415 396 370 748 139 253 428 342 266 245 448 154 848 584 435 830 96 214 289 340 448 650 333 940 486 509 425 524 463 368 940 634 639 218 72 139 71 325 391 194 122 724 445 146 194 569 259 38 714 803 315 722 227 747 791 116 663 198 758 305 51 676 392 165 9 491 216 129 247 33 56 882 282 178 848 214 958 191 137 791 808 436 335 127 96 512 469 113 192 244 126 515 482 747 653 190 162 633 567 731 732 597 588 931 160 769 32 911 853 649 673 107 865 461 560 926 646 169 978 64 585
83 -133 -32 57 -196 -215 -281 -288 -93 -68 -292 -266 234 30 215 55 -191 255 14 130 -156 215 50 -188 -27 -88 141 -205 131 -231 -62 -114 -119 53 -215 -6 237 -139 243 195 88 118 -139 -168 -247 207 177 -56 148 19 144 -85 206 249 89 -34 42 287 -226 201 -153 -102 286 97 197 -7 -245 108 0 296 127 191 -22 -29 145 -292 292 228 84 156 231 -234 -69 48 280 20 -222 -90 -141 87 -276 -191 -199 -246 -69 27 171 -21 237 -4 64 -229 -37 -32 -66 115 -91 -126 -275 -291 106 0 288 279 -272 103 45 -173 212 150 203 -240 120 58 277 -8 32 -290 -203 59 47 -278 -17 51 262 -191 198 -192 -51 -280 -4 7 250 -214 -142 215 50 -68 12 -54 -215 297 -235 265 142 166 -64 -39 -157 -29 201 22 -203 -125 -33 3 52 -283 245 -41 95 132 10 85 -91 -214 76 -120 34 -135 176 -45 116 134 213 273 258 -135 277 -232 -168 63 -264 -206 -130 -52 128 -185 174 -285 -166 68 58 120 289 -228 -221 256 -92 82 -180 -32 -234 -93 139 -77 -95 -201 -289 26 200 -250 -21 132 -154 197 -17 216 133 -155 -157 2 108 219 -153 -182 18 106 86 -180 76 52 -8 -281 252 -53 -229 171 -37 -68 -88 -68 -134 -137 266 -210 82 24 103 -116 -209 -57 -107 161 127 278 -44 171 -71 -54 -111 -240 81 120 -80 276 -203 5 -12 78 -165 -206 131 -32 -150 108 -179 220 -107 -118 -174 289 226 120 146 -14 163 -19 -262 297 142 94 147 -232 -259 124 -1 199 232 -21 -91 -233 26 -227 -149
415 1603
-161 -252 17 -219 -193 -278 -28 164 -99 156 129 182 51 -93 121 199 285 77 180 -29 159 161 294 -188 136 -108 -93 -229 47 -22 -241 -162 -4 -214 -89 196 195 29 23 76 88 166 237 275 121 86 -83 169 -85 -15 -225 253 229 -84 -35 85 -189 188 182 99 152 33 70 -79 229 -225 -180 130 217 134 250 -42 -130 -203 -166 -90 122 -59 -67 248 66 -24 -41 -122 155 288 -48 22 121 -136 -56 -140 -214 12 -170 -262 5 -258 196 284 291 -202 -174 -220 203 26 -188 98 -250 -249 108 106 107 242 104 265 15 284 -284 291 94 153 -68 122 208 115 53 -189 -148 -67 -248 203 -222 153 57 -104 58 61 -40 -190 -198 -284 -26 236 -238 101 -108 -243 -103 31 -57 249 33 -169 -142 227 -207 55 -150 -103 248 237 -178 -12 -178 176 157 107 -297 -258 -28 297 -75 64 -250 -25 -208 -10 -241 61 30 142 -222 -171 29 55 -161 204 -5 -27 1 222 -154 -169 155 -136 193 -281 191 267 -202 158 145 206 -83 -285 -11 -121 173 -225 181 -141 -154 217 -140 74 -231 30 224 131 -97 -21 -146 -212 -65 -220 70 7 203 -199 -9 227 121 -119 31 -12 -196 -231 138 99 -131 159 -52 188 -290 -235 207 -282 -266 242 199 153 -149 209 -16 31 -44 -64 -276 16 67 -250 -195 -156 217 -192 -150 -184 -52 189 79 -189 -237 -261 59 -172 -3 -120 -201 18 -202 -71 -85 -179 -171 168 82 105 262 77 145 -210 -191 90 -242 -83 -150 36 52 282 -246 298 -199 40 285 181 157 -36 -40 -145 285 127 20 286 111 177 229 -67 -101 137 16 -260 -18 -118 264 -275 -247 -253 299 -26 188 134 -19 -290 -272 232 50 281 -296 160 28 240 146 -115 28 84 -278 237 -139 -256 43 277 -292 -96 -165 220 189 -11 217 -129 -61 88 210 128 59 247 7 -67 -162 -20 -97 -66 -288 167 -146 -18 -285 -292 -264 80 55 -234 -273 -162 247 95 27 212 102 -21 249 -227 92 -154 286 139 -253 182 96 -281 183 -138 1 296 136 -203 -296 225 248 177 201 18 20 10 204
934 982 392 148 200 444 271 252 277 775 250 179 301 77 60 147 502 834 317 125 963 763 495 748 718 537 594 237 755 744 525 887 247 43 308 106 151 157 131 691 363 253 720 901 527 244 448 369 72 349 606 747 732 669 762 274 81 729 937 949 869 232 396 732 666 791 852 511 783 207 602 523 579 821 257 624 90 717 526 121 582 165 339 20 48 84 363 529 807 626 995 593 461 266 306 389 611 217 491 421 421 272 455 971 697 977 0 976 280 298 621 619 123 213 554 797 685 349 122 265 988 6 540 445 108 294 353 279 966 684 793 669 835 317 874 739 161 604 465 24 194 927 936 530 469 78 38 588 853 103 460 450 805 857 823 565 180 736 902 962 786 764 914 827 474 316 884 541 283 554 982 526 770 481 665 323 639 453 793 74 126 2 145 990 120 752 921 228 594 670 224 330 601 152 85 30 30 476 671 183 404 466 777 498 712 65 254 959 36 266 717 821 934 256 689 584 944 453 692 919 31 619 381 151 836 43 92 521 749 628 551 580 323 609 703 535 835 704 628 117 179 210 675 681 791 386 864 65 801 621 37 570 137 389 220 699 590 731 674 43 929 844 944 640 414 853 14 535 526 526 318 652 532 486 959 23 42 157 276 838 549 775 5 881 325 4 362 849 604 481 577 465 687 195 503 379 167 859 191 989 535 885 520 942 632 167 690 886 361 468 79 880 955 562 111 73 460 369 758 945 458 511 209 560 122 29 587 49 36 404 92 849 611 407 683 979 843 908 28 318 316 280 493 76 278 892 907 823 488 470 797 251 967 839 317 79 306 668 377 387 794 823 244 835 635 706 191 917 504 444 858 268 650 254 530 706 188 356 284 948 496 985 529 384 519 76 628 894 444 41 44 627 18 107 440 783 127 800 681 948 487 510 10 615 537 145 932 243 684 540 116 33 723 374 533
-155 122 138 211 246 80 57 -138 120 138 1 23 -248 -221 -108 -78 -163 200 7 107 235 -46 77 -94 -285 -148 73 98 73 -34 281 -27 181 171 -109 194 -73 109 131 -99 -49 121 97 177 -271 132 -116 -220 47 252 -223 295 -164 137 -257 -2 -39 -31 209 -149 97 -84 270 -243 -121 -292 57 -28 -182 158 -180 -172 95 -201 29 1 -2 150 29 -178 -284 70 -107 -52 33 -275 -62 -120 19 -60 160 164 179 -170 -71 -185 -61 30 -243 25 -130 41 0 276 85 -288 9 -295 181 65 161 -219 -100 -70 298 109 210 -19 -295 -233 -1 -97 18 98 -26 93 278 -290 -292 194 66 -41 214 -73 -229 211 119 -147 72 91 66 46 106 -53 -262 79 -179 198 228 20 -245 -125 -70 157 92 296 189 60 -139 116 -116 -159 148 -149 -116 -64 228 287 89 115 -262 -83 -175 58 144 -124 259 235 189 141 8 294 73 -2 -16 1 32 -255 -120 -176 114 84 296 31 70 208 249 -281 -1 -52 -184 169 -177 -207 -204 -86 195 135 166 -80 -163 -63 106 -220 23 -27 104 -213 -94 219 0 -16 -217 -21 295 -25 137 16 -52 -247 -11 183 65 -248 -113 100 169 183 -151 147 -254 -79 -224 145 283 -47 5 -152 290 290 115 43 -31 22 299 88 196 -7 204 -80 -35 -200 -121 -120 -206 168 -207 -36 55 -181 -217 84 -283 -135 134 -246 -174 -112 -211 140 38 -55 38 -221 -196 -148 229 48 231 -167 -247 154 82 182 -235 33 273 94 28 85 149 248 217 64 -116 176 23 -232 -147 249 125 -274 129 213 -284 -110 -230 116 94 -176 260 62 204 -103 -257 92 -266 -91 -160 228 110 -54 251 -226 -248 68 -142 -129 249 -260 -216 242 -27 57 3 -25 -188 -287 20 275 164 -229 127 238 121 10 199 -134 232 -109 82 -114 -66 262 244 226 79 230 65 195 293 -72 283 48 95 2 245 175 48 44 -208 -299 145 23 -231 291 224 -72 30 -239 98 -274 -30 -296 -133 43 42 33 92 276 -4 -19 -56 269 -281 -222 -299 -22 -78 -221 -79 -223 -178 147 -153
515 1603
156 -70 6 -194 -256 -233 14 -162 -197 82 -55 -163 -58 -67 -127 139 65 -179 103 -138 85 14 -120 102 -87 86 -75 -81 -75 -198 -254 175 193 -36 134 -298 252 -25 24 178 -7 41 134 52 181 -61 5 212 -269 -34 108 -45 -229 -107 -209 -140 -165 -278 262 167 265 173 299 33 -89 -32 284 -16 -84 -6 211 -99 -83 -75 -293 -17 -73 229 -8 -153 -92 52 -262 179 49 -256 -211 9 -115 111 57 -230 -228 -100 81 105 193 -298 -108 -242 -50 -162 282 -15 85 -181 -70 -232 14 -84 -6 -135 177 163 -263 -15 -189 284 228 -187 -176 15 271 -40 55 -278 -176 -141 -195 67 -255 -36 -280 2 -88 -260 257 -238 152 181 -247 -56 80 -275 -279 135 -235 -279 143 258 -112 -148 -166 85 -261 -233 184 -71 287 -10 21 165 160 -272 -95 51 -254 -55 -170 -30 67 18 90 -299 -243 165 13 -137 -134 -246 -119 -198 88 59 -216 -53 57 178 -124 -84 -106 29 9 -144 117 285 -267 -117 -89 -254 -146 -164 124 289 142 297 -272 -160 157 -57 -170 215 -292 -69 255 -28 -52 -145 -65 104 172 -211 -244 -2 -103 -95 86 -53 248 -20 292 183 -292 34 291 256 138 -137 -66 -266 65 151 12 193 2 235 206 -162 277 -110 295 -97 -287 -247 124 -111 54 -259 111 -108 222 85 49 23 -161 2 -155 191 -94 298 -57 -250 223 287 -133 85 -166 118 -158 -208 166 -129 202 79 -22 -92 -238 -15 286 -105 138 -68 -55 64 -222 -255 54 71 -201 -75 169 192 -274 184 -164 74 -153 -45 199 -82 213 5 -133 -161 130 151 155 76 -122 -245 81 -94 56 190 -176 -250 162 283 149 145 153 73 252 -284 104 225 239 -42 -201 -127 -130 -102 255 251 -100 50 297 157 47 -258 178 -78 -68 -17 145 291 280 -13 -254 -234 178 60 188 -175 26 -200 -63 97 -114 -105 201 -54 106 -60 137 -272 -12 24 277 -249 -113 1 -181 132 -116 200 202 -108 185 220 -90 -262 -13 177 175 -290 -238 269 57 94 -244 103 9 -127 -249 162 179 191 172 132 -146 258 -116 -144 -259 56 128 95 -51 -37 -55 -108 -48 -238 -269 -253 99 -174 66 291 -292 281 -211 291 -28 179 -15 -287 -50 -271 -246 146 164 -194 -59 -192 237 83 143 -60 -174 282 -224 -295 -91 -160 137 71 -24 136 167 292 49 171 115 -147 -190 284 -214 -273 34 256 26 -179 223 -158 245 -24 81 -267 30 216 190 186 86 160 -259 -79 -46 -156 -288 -86 124 59 -144 -237 12 -192 120 279 159 -63 -159 -262 -59 246 59 -269 264 275 -133 -11 -113 262 -276
535 63 471 250 707 671 198 271 263 297 43 31 193 638 107 811 826 881 719 325 456 760 157 890 656 671 42 871 888 771 547 742 729 26 759 777 863 856 635 543 856 95 149 247 965 984 505 290 168 372 186 594 339 661 706 68 619 338 618 287 342 802 595 884 422 238 488 430 602 142 223 438 385 314 669 309 472 85 575 23 717 284 290 990 318 374 807 431 471 119 315 26 603 671 776 214 188 939 603 323 38 422 936 146 835 824 274 820 452 424 110 259 847 704 941 677 533 994 364 0 242 192 62 313 523 8 759 450 344 774 881 500 147 594 271 324 725 399 247 531 741 423 511 518 794 160 859 170 324 952 729 101 756 697 490 799 331 726 238 906 696 184 743 126 612 72 47 514 959 158 265 717 922 575 772 549 775 314 355 685 381 844 725 247 867 541 696 155 53 171 470 866 137 570 504 782 100 85 607 573 808 834 66 154 107 220 6 632 51 199 419 298 860 556 317 743 650 543 168 144 951 517 478 172 611 280 350 993 373 819 312 941 538 702 991 236 835 322 259 195 713 793 117 747 881 279 362 441 657 212 197 378 234 746 507 237 156 986 763 550 872 512 551 130 381 429 731 715 744 678 910 22 481 528 569 307 166 381 414 635 622 354 902 876 239 321 772 56 142 284 333 274 512 830 417 821 744 506 736 590 564 730 544 466 631 253 174 177 509 309 197 142 815 475 516 569 952 154 399 207 188 759 701 73 290 93 332 616 10 462 224 406 247 636 376 505 363 374 532 620 947 690 641 622 782 527 278 864 918 423 173 19 513 919 755 679 369 755 789 907 994 798 350 200 873 861 688 36 191 272 591 328 683 899 182 270 392 341 853 259 661 844 833 536 84 984 68 263 735 908 849 331 487 9 465 884 266 391 615 844 14 708 363 483 706 624 904 428 642 567 211 659 121 670 997 138 408 144 890 915 745 772 838 148 456 58 895 494 355 823 740 230 600 283 846 501 19 376 282 511 105 285 526 586 973 734 121 21 619 173 40 575 45 467 883 760 3 129 423 731 639 951 834 547 892 271 184 844 935 46 365 863 41 466 759 767 973 620 81 756 464 913 632 5 289 590 382 770 211 430 101 457 813 922 368 289 964 360 623 397 779 129 33 575 621 148 50 404 830 347 768 912 575 65 587
-140 57 -238 207 -283 -165 50 167 273 247 178 -126 111 31 22 215 98 -180 -170 -273 -289 -151 -145 3 -100 72 -176 262 63 -124 17 263 283 237 -283 -277 -71 232 -4 -182 -195 -77 74 297 55 89 106 74 168 -41 -216 57 98 -253 -77 -251 -148 221 37 -273 19 105 -101 166 2 56 -1 -38 -147 267 64 -278 103 104 -178 -28 110 156 145 -295 133 210 -247 75 -46 -12 -164 274 -63 -296 193 -137 -235 219 -187 253 287 150 -297 -279 134 77 217 -71 -17 -15 -206 276 -274 289 291 150 255 182 67 -149 7 211 -52 -274 19 230 -249 221 266 -176 17 45 74 -239 -51 279 -243 151 -183 40 251 -224 247 18 -148 4 158 27 -228 277 189 -184 -84 72 25 283 53 -92 -79 -208 -234 118 157 48 -76 60 -30 120 193 -214 224 -72 57 40 107 135 -26 -63 -190 -126 0 43 115 246 -229 -47 -30 -13 121 190 -271 276 254 233 -267 -204 -86 -190 140 -220 -166 -145 -183 -158 -214 171 -109 61 207 294 -246 177 -276 -278 260 273 224 -74 -1 -4 32 126 -264 -28 -204 -242 282 -24 109 153 248 -186 -282 -46 -70 136 262 -191 -57 -278 231 154 51 43 -201 -200 81 -193 -238 230 -169 228 -56 -138 -110 166 82 136 87 -35 114 -41 -141 -120 210 107 69 -51 2 -198 -126 -93 -163 -215 105 242 204 253 78 -255 -115 -276 189 291 118 177 49 -88 -134 -26 159 -16 -192 18 -199 108 -229 -282 -84 250 252 74 -297 -9 22 -134 -60 78 281 -254 238 -132 -155 228 39 -226 140 -40 33 -295 -122 -82 266 -232 288 -194 -25 -68 180 85 -290 157 187 -175 -142 -105 -44 17 146 40 65 -62 161 202 -213 21 -245 -22 183 170 -189 265 -63 106 89 246 -216 -147 -283 -266 -233 103 249 57 144 -254 192 221 -266 -172 -231 -79 127 24 29 -58 273 -262 -149 -66 -158 125 -279 55 50 34 -65 294 -241 -49 204 -247 49 208 -169 271 39 -13 -78 142 -80 -117 185 210 223 42 211 -278 197 -109 -16 -35 -290 -271 45 -34 -293 68 165 226 -117 289 -217 231 133 215 84 -60 104 -232 107 -297 126 -118 -44 -52 -150 -85 -152 241 176 -123 208 -165 -143 9 292 -289 260 -15 82 -3 -179 114 -297 114 -219 6 -19 -221 200 -148 -18 274 -49 -197 162 103 142 -171 40 -31 -252 31 -28 90 -37 -63 -169 -137 -16 33 -167 254 265 -285 201 49 -252 187 -13 98 -98 -285 100 77 209 -64 44 219 64 128 -258 -126 81 19 -193 200 26 97 -70 18 185 84 282 54 -11 -48 229
615 1600
203 248 261 272 290 167 -17 -42 219 -179 -14 -12 287 43 -222 -185 -14 -152 -128 -234 -123 -144 123 -154 -17 193 266 -11 207 247 -164 -3 -248 11 -172 137 -17 -292 95 -44 -192 244 -21 52 253 276 12 -85 -150 163 -147 -204 -95 -123 -204 189 161 115 43 -227 -82 266 123 -175 -79 10 -9 -125 -181 -87 -286 -29 138 282 29 -54 -53 167 -225 -99 68 92 -142 -221 262 131 184 163 -34 -164 67 -297 -135 -51 -38 213 43 29 46 161 275 133 -224 -30 248 -208 -5 -84 -231 -155 216 -258 -205 -239 90 57 -213 30 -226 -90 -137 203 -82 187 -219 -288 21 13 80 -108 57 255 289 22 27 270 138 -193 130 24 -55 -41 5 -259 -198 -107 251 96 42 99 -48 -199 145 -270 12 -172 -47 288 59 -177 5 137 73 272 -46 157 -99 -82 -260 55 55 -277 17 24 -90 124 260 273 -185 37 -168 -112 7 -56 294 142 218 274 -218 298 -196 -203 154 155 -54 284 -34 -99 58 137 -98 160 85 -62 -98 200 -106 -222 49 247 77 121 160 -116 172 -119 61 244 -186 8 -79 -215 -276 79 -262 104 -297 151 -163 -110 -110 -287 -199 11 260 -76 -105 277 68 -250 13 8 199 -90 -266 227 29 116 23 -1 210 -240 11 -181 -42 -122 -297 -36 -278 69 -247 -16 160 -20 231 3 213 -92 -193 43 -208 182 -39 102 -103 -160 -255 214 114 -37 78 163 -250 92 36 -151 -78 26 -169 8 256 -166 -179 -77 220 -293 264 16 -267 183 92 152 244 -93 281 -24 -134 -111 16 94 -163 -178 260 -30 44 51 -197 -247 -66 -7 171 154 252 205 157 164 -25 -129 -200 205 297 -132 101 290 -207 -85 -31 0 57 -265 68 73 208 -128 -3 -297 290 -43 63 261 -108 -133 -151 -215 135 134 61 -5 279 -281 22 -250 140 25 -229 -243 -229 0 -222 -291 244 -292 -250 -266 -274 -94 -255 -8 270 291 -128 44 -72 236 -55 -15 -210 -295 152 -138 206 -120 264 -281 118 273 -96 263 247 -132 129 145 259 79 -289 83 -202 59 -61 293 -250 -188 280 196 -240 -209 30 217 -20 -1 272 -46 289 -297 -48 97 -115 -15 219 -49 -296 -169 159 -117 -292 -38 218 -80 -66 -93 -284 -77 180 -172 38 5 197 157 -269 -97 -147 -130 -174 297 -279 245 -34 -267 -33 65 169 -94 246 -260 -125 168 -67 -255 202 -27 151 132 -269 -69 -101 -60 130 236 -250 121 -87 162 161 -14 -251 -166 174 -294 38 -277 -49 -232 275 61 23 165 28 -195 111 -7 -92 98 -178 -58 124 -62 -204 -88 161 -287 -223 -91 -260 -164 157 165 230 278 -179 54 -163 -166 235 27 -260 -260 200 -86 9 -260 187 -150 -146 108 116 278 -188 85 254 102 188 -141 -77 -15 -219 -44 -63 -224 252 -18 40 156 53 213 -236 152 56 184 -253 -291 -186 -171 -290 -110 -138 151 253 -135 -2 201 248 -120 -228 119 115 68 -166 -98 251 206 171 237 71 276 235 -225 -143 285 -169 236 -25 -92 95 69 -3 -176 194 -235 -103 -32 279 -278 -259 -218 -297 -283 -86 73 264 -263 145 -190 -32 -141 -4
47 847 130 568 492 438 805 730 517 587 865 466 265 267 518 477 367 457 527 683 676 197 240 923 979 605 32 51 638 254 339 184 112 684 875 481 575 943 244 672 14 323 948 453 612 515 869 817 548 705 792 214 43 417 55 11 507 942 127 471 171 794 710 835 763 77 756 31 955 404 564 626 158 238 633 664 216 541 778 923 283 721 579 481 391 753 144 709 327 415 377 477 38 610 716 695 960 82 451 96 776 912 693 559 302 919 117 857 694 976 269 173 504 568 423 908 437 629 140 585 761 494 143 784 270 180 929 290 131 62 862 826 928 820 153 636 742 460 888 769 72 87 103 364 991 710 31 822 224 994 375 966 435 842 539 635 21 141 810 115 577 486 504 80 163 431 255 250 420 904 99 744 627 490 843 397 525 33 103 566 569 727 194 735 154 936 223 342 625 868 383 897 639 526 285 726 671 668 784 98 642 107 567 911 306 121 930 720 86 646 337 45 275 984 374 111 470 25 3 169 56 629 702 340 985 174 610 524 167 206 200 688 406 405 683 491 849 913 979 395 856 735 48 589 218 254 103 494 101 25 909 918 613 854 522 680 818 201 950 456 288 657 859 171 848 911 481 657 530 802 268 975 774 528 104 778 914 279 788 685 193 748 377 175 591 150 104 426 36 778 605 902 800 396 535 275 30 493 427 48 817 10 255 420 477 593 288 379 753 260 283 573 255 218 581 67 70 807 519 967 780 878 318 128 568 272 942 601 490 101 448 824 409 847 534 333 546 272 341 389 608 219 9 482 217 792 392 830 271 944 314 7 404 953 423 957 738 346 725 823 235 142 537 647 630 242 767 505 352 203 828 888 682 870 645 293 322 464 290 448 912 840 50 767 67 511 871 818 326 114 687 898 490 520 465 953 297 301 200 378 676 953 262 624 259 364 140 767 432 76 404 548 445 791 537 340 123 122 892 769 160 554 641 97 325 42 177 920 389 365 510 877 621 259 987 338 776 11 375 332 420 297 670 809 100 185 209 624 385 919 208 18 550 863 224 122 50 771 180 546 843 170 882 648 905 6 988 195 231 931 24 714 875 819 86 139 41 939 812 465 517 404 301 266 887 964 573 490 746 986 839 31 644 821 262 481 657 600 150 637 265 545 264 124 869 554 412 460 9 184 975 811 378 876 178 302 479 868 620 380 0 974 114 740 902 969 523 369 291 773 592 334 416 37 532 897 601 55 172 286 398 727 763 545 81 186 451 375 883 881 623 154 579 717 178 833 511 987 14 259 117 593 478 316 507 886 993 302 577 527 938 807 497 202 372 385 695 834 154 619 314 365 822 281 95 214 659 405 834 47 441 894 596 125 50 650 7 687 324 147 571 726 14 991 526 499 744 924 972 604 739 607 179 9 500
231 -181 -21 -201 -10 7 -198 170 215 -188 -163 288 -66 198 -234 186 160 20 -147 -20 140 246 200 -144 116 -124 -29 -31 117 42 207 -28 264 108 -208 0 149 -13 -70 33 -253 -224 -299 -145 66 50 131 -118 -78 210 -74 -20 -246 241 -8 -271 58 294 -280 60 -260 -92 -78 61 -196 0 83 -2 -72 265 85 74 157 33 -175 -99 166 -87 -79 -42 111 -294 229 50 96 232 95 -41 -262 -52 -141 -51 -80 21 148 188 169 -240 45 -169 -176 221 -102 -192 9 -217 -21 10 14 151 -219 -230 -20 -272 -132 47 113 149 212 -63 -116 9 -30 -189 157 -77 13 -123 -75 -140 -194 -36 284 88 14 112 81 161 -22 -141 120 -71 47 -129 -15 -233 291 19 -72 119 -61 -268 -143 86 63 -268 277 21 -251 30 -214 -77 293 146 -190 -275 -240 -40 -90 -247 84 -37 134 -247 -30 -153 217 18 71 -86 -48 46 200 -166 2 -34 -187 -34 -256 -73 134 48 289 123 -159 -152 -137 -19 204 8 -47 -143 59 -180 -35 -97 198 -226 -151 -161 132 -95 -98 -121 -263 -221 16 190 187 179 -163 -91 -105 83 101 161 207 -27 289 11 70 107 -206 -39 119 -154 204 260 148 159 -291 149 111 -142 30 -171 -294 225 177 -210 79 200 106 127 97 -107 -182 -189 -262 20 170 102 -240 29 69 -249 54 184 10 -104 -211 22 288 -33 52 -242 -130 2 -29 -100 60 95 -77 -88 109 -287 -153 -81 138 -224 -233 152 191 178 87 -112 -48 115 285 -210 -40 -258 135 240 87 53 220 102 -104 -205 65 49 153 275 50 122 -256 37 228 -223 -288 -158 204 -254 232 270 5 -55 278 -149 -214 -47 -146 -52 -184 180 224 -25 -240 202 123 -169 91 -277 -154 -275 173 253 -87 155 157 -176 -72 172 -197 107 -230 -56 -179 90 111 -176 142 31 -3 -89 -147 -82 215 -117 -75 86 69 -245 -263 -288 -298 161 -219 -73 -54 -20 28 -89 -112 -258 241 224 -137 -213 239 -54 47 -177 215 115 -110 -98 -296 -109 -191 137 251 -195 -108 -5 244 181 -19 -254 249 183 271 256 -125 -266 -182 22 102 -155 256 86 -205 40 237 49 -202 37 274 288 261 29 214 -131 -61 -134 104 8 -14 -88 264 -221 298 -62 106 242 -231 131 -24 76 204 91 216 221 -139 1 177 -295 271 142 210 -179 -170 231 -78 -30 215 -142 -22 128 -286 -240 100 227 76 -250 -175 163 -211 -52 261 279 84 -235 -31 -231 -119 52 21 -150 -256 -266 -82 -158 -277 167 -221 -218 -259 256 -258 -147 -25 -58 -118 260 -163 -258 87 30 163 -137 -114 5 67 -297 -129 -169 -174 -280 51 231 214 13 -169 -259 -297 -143 260 -36 -247 -105 -28 284 168 -208 15 -58 289 -280 -94 -253 283 226 -210 66 -158 -161 147 267 -54 -297 -221 -21 170 122 247 108 -27 -115 97 -59 254 169 58 13 297 -132 4 -73 -129 -286 -207 225 -205 267 215 275 203 121 -250 -173 121 107 1 98 25 -18 1 214 181 -144 66 182 201 85 79 -54 -58 -23 72 139 166 234 -107 -29 -269 103 252 -183 119 174 -284 270 123
715 1604
83 169 -14 -247 -216 -49 267 -94 75 -121 -244 -102 287 -277 17 131 -87 111 222 180 219 -146 130 -122 173 -6 -221 69 192 -93 263 275 285 50 90 176 -219 -22 -43 270 -282 -139 -170 125 70 254 60 -28 -231 78 81 227 164 274 40 -194 4 135 286 273 -241 159 288 25 104 288 54 -186 -48 -90 240 -222 -156 -30 -29 235 92 238 262 68 -291 -45 -10 -280 -91 -294 -235 180 -187 76 21 135 -97 -231 -234 187 94 95 -5 -188 22 -210 247 289 51 -92 134 -130 0 110 -45 -259 -1 -273 106 8 -209 147 -262 -36 -232 -10 -146 15 262 93 93 78 -2 2 201 137 52 190 159 190 125 -158 -123 -86 -2 -286 -101 -29 62 140 20 -293 2 -284 -212 -251 -159 -128 208 124 -203 59 203 -24 -45 48 -79 279 47 166 90 -69 -133 -222 -109 -85 -167 -296 -44 24 274 -234 72 -21 -299 227 -244 -24 -198 211 177 -169 278 241 -126 -52 -272 156 213 140 116 -211 -204 -3 295 50 177 -242 -19 56 -248 249 107 295 -26 86 109 293 -91 -5 -222 -1 -200 149 -5 111 64 206 201 135 -114 142 -174 298 -163 -214 -163 -101 169 -234 71 191 -58 282 30 -88 132 14 -42 -56 -180 -148 80 129 221 -135 289 -86 4 173 -226 202 88 215 48 -168 -267 -297 -95 127 199 177 257 68 -219 9 187 98 64 -159 -50 297 14 279 129 -252 -287 261 -296 -197 194 -9 80 224 180 -232 -17 -59 114 111 25 11 -9 38 -252 -4 177 93 143 -65 -270 -127 -217 -88 2 115 -105 -227 161 -216 44 0 -188 -45 97 168 -197 -215 269 -22 290 47 168 -286 -134 38 279 192 -98 -8 245 -186 -8 -136 154 184 -271 -137 28 -174 -237 217 -147 151 -280 -72 194 -283 229 -143 113 250 -279 116 -76 156 21 -136 197 -243 167 -255 -291 110 14 -181 197 285 28 163 223 287 211 252 -138 170 197 -42 -54 -46 -208 260 -160 -35 0 238 235 209 184 -16 -262 0 6 -212 -141 78 21 143 -245 -150 206 171 -66 122 -147 -213 166 -299 173 -299 59 -55 177 -247 -163 -100 -208 -276 226 -202 114 56 -139 70 -153 53 -215 64 296 -102 137 -75 91 -234 -286 -213 179 193 193 -48 -281 -105 58 104 139 -111 -192 180 179 -236 -179 146 -14 -56 -293 -179 -283 0 -121 -15 -11 99 292 -216 266 40 -51 212 -249 20 24 -69 97 -7 251 175 -5 175 -176 163 -227 161 -284 226 98 194 -88 -198 25 57 226 115 -201 80 1 44 39 159 -274 149 -93 -130 6 -189 -254 223 -79 164 221 133 238 -173 -298 89 -210 273 -248 -157 -58 256 -173 193 -246 267 148 -258 -180 -88 249 22 -153 -26 232 33 -274 -166 -187 109 -206 -114 193 192 186 165 -37 221 262 7 -118 -137 85 144 -163 -274 290 -234 114 209 26 8 -189 -242 74 72 28 -156 281 164 11 -199 295 229 -231 -123 68 65 -267 -204 155 -20 -184 133 -297 -298 99 161 138 221 17 -59 -279 110 175 -55 -156 -4 -18 -260 -148 150 -142 -78 53 -174 -157 -177 157 -143 -68 -292 -194 133 146 147 -207 61 273 287 -155 292 62 37 106 214 252 279 -238 166 234 25 -31 9 44 -274 -56 29 84 -94 89 241 276 286 0 149 -159 -107 -195 -93 -98 -198 -164 107 280 -31 -230 14 -206 -117 96 282 -299 285 -216 -27 -150 -108 -291 -22 -25 -262 -283 154 -122 171 -191 24 -198 -46 -125 -116 -33 -209 -298 197 -58 73 -274 -53 -135 214 192 -181 -108 -81 -202 219 -218 -91 -207 -65 265 -112 -123 173 -169 162 115 -192 -102
114 685 654 103 589 954 268 551 521 936 178 474 150 759 241 632 246 8 549 183 804 931 334 161 352 496 369 950 987 102 832 60 759 64 339 167 799 895 6 443 53 899 278 301 578 589 210 98 350 565 509 890 143 115 901 845 343 607 927 408 969 855 819 724 912 252 769 637 342 822 936 69 696 458 549 547 613 974 878 758 874 264 937 372 117 36 118 429 293 651 260 619 56 175 699 836 810 438 349 327 933 277 127 513 297 754 469 538 895 975 946 658 339 885 820 913 535 597 485 505 658 44 579 798 638 260 601 922 529 950 792 295 383 170 935 935 371 303 188 763 107 288 807 257 178 552 379 46 109 341 162 213 948 117 554 238 695 646 141 725 889 5 659 51 741 884 127 616 667 208 309 932 344 410 501 252 173 32 235 115 120 126 756 188 254 539 608 195 560 501 643 596 590 889 906 868 683 303 108 261 45 349 305 748 792 832 765 722 729 874 604 926 482 910 418 17 613 88 86 944 55 547 233 953 10 81 505 576 494 243 115 626 472 952 470 82 591 596 33 162 124 737 656 487 150 839 268 324 484 916 214 634 790 522 749 848 898 63 16 373 773 308 994 608 636 252 659 453 655 962 703 837 967 914 202 827 779 138 260 653 604 621 139 598 137 857 711 717 17 240 674 960 197 461 662 204 441 291 221 283 143 250 795 843 564 901 209 53 902 765 74 8 302 83 304 352 657 910 457 65 204 601 886 598 639 745 727 83 325 927 894 622 88 256 914 200 996 554 579 630 865 726 736 644 457 721 251 834 977 924 107 644 958 854 360 626 54 161 834 996 768 315 801 671 813 121 555 430 655 484 228 81 265 523 269 957 220 512 58 134 494 593 995 452 892 626 940 871 750 87 391 98 447 70 354 922 458 255 34 917 741 748 899 280 720 223 106 648 472 720 120 971 593 13 263 468 758 618 645 693 638 942 816 184 950 671 66 80 862 22 362 379 507 67 974 88 28 673 771 584 44 887 822 470 387 814 234 457 958 22 778 111 428 209 66 973 189 516 620 937 51 401 291 9 403 559 531 865 916 32 234 287 606 166 429 987 50 168 692 637 833 592 447 434 742 298 628 35 384 998 843 523 857 30 338 705 945 615 451 918 333 758 799 944 912 651 783 472 793 38 216 271 209 256 174 403 183 319 131 610 704 155 413 709 743 56 62 816 242 120 215 765 56 806 4 456 200 259 471 478 587 14 498 48 954 397 988 857 502 263 490 304 961 589 377 841 433 982 643 32 562 220 581 236 380 51 64 573 196 228 32 71 59 333 233 504 651 186 344 937 105 67 47 534 482 187 949 826 723 359 32 139 606 391 136 270 658 338 101 823 636 223 194 661 277 796 995 14 20 201 695 836 361 473 769 412 804 260 370 101 673 309 442 962 224 706 367 568 323 716 301 16 842 164 940 942 860 364 955 615 856 362 507 132 887 328 359 589 111 1 731 781 379 757 868 731 998 935 592 756 241 361 176 930 257 413 313 745 58 700 17 984 504 198 898 657 112 482 265 497 88 172 19 740 358 216 774 435 939 199 22 308 526 611 880 682 351 866 339 537 233 545 331 343 396 469 788 182 456 7 504 715 255 461 269
231 9 5 -236 130 45 274 -269 33 -271 292 232 132 159 -275 154 90 211 -272 -237 -30 -134 -242 -32 -83 195 -232 -268 -196 221 -208 44 200 265 -108 -117 189 -177 7 -1 178 175 -242 -226 21 -150 -31 -129 -3 -220 -68 -110 -36 -202 -224 278 -215 18 -145 2 -2 124 47 -192 -257 -31 -289 173 40 -155 -27 -72 -20 185 -83 255 202 223 179 252 122 -62 -19 -236 190 94 -31 -206 -181 -217 -22 97 258 -77 -121 -239 -48 -198 -26 -41 296 -73 193 -201 -26 -205 223 64 213 238 -126 -295 298 18 281 170 97 16 -287 265 207 69 247 153 -188 -238 253 151 61 53 -258 182 -286 -292 -158 84 208 -177 -164 -175 6 -144 33 -149 -242 -235 71 -225 -177 -205 110 -8 -258 -49 61 -242 295 200 -191 208 -240 -5 144 -50 -61 186 34 -86 -127 182 170 -293 -179 -52 -25 259 18 -250 250 136 -156 -219 -74 27 -29 129 261 -140 68 -7 -108 272 70 246 219 258 -117 -154 80 8 -206 -231 -219 -143 -154 -55 -22 85 -76 -254 -239 265 -71 -5 124 114 63 171 201 -89 242 43 188 280 177 -224 260 152 -114 256 -299 -139 -290 275 -183 -56 275 205 -26 -52 -97 130 160 155 105 256 -28 11 -55 -93 -95 279 -288 -123 -121 232 0 -25 -224 -79 -204 -69 -64 271 73 -182 -218 36 233 104 -19 230 120 24 159 244 95 -149 54 152 -51 -228 79 -104 5 259 48 -196 -169 14 149 -196 79 262 226 54 292 -182 -273 255 -114 -293 -269 -52 184 0 -76 262 57 -103 13 -207 -38 263 243 -261 269 82 -142 -142 211 -190 -30 22 -65 291 -43 -48 14 -32 -224 -20 289 -17 277 298 -81 97 252 -266 287 -80 -255 -268 -188 -33 -153 -119 113 -213 -76 291 77 279 -118 57 -22 -141 -149 167 179 -96 255 -193 45 217 -263 42 -154 -269 73 -89 -177 -209 -280 141 -293 182 -213 11 -203 173 223 -55 249 248 76 117 23 -86 -288 6 222 139 -57 -30 -11 14 -198 152 -99 285 -43 139 -209 -122 127 -104 -270 240 -217 -78 -294 -42 72 -178 -96 -43 189 278 186 84 34 -161 203 249 222 275 -1 -223 -100 293 -232 -115 -215 275 -286 -204 -262 231 -118 195 -258 -16 -278 19 -219 286 -180 -156 66 2 226 -242 45 -216 -184 169 129 -233 229 113 90 -287 21 -164 240 -56 228 -90 -149 -41 -104 206 255 296 95 207 95 290 -135 -134 125 -285 -249 179 -48 73 -232 -76 196 -81 -242 -266 -145 262 -44 -210 -63 92 120 -79 -19 -91 69 212 217 129 -203 -270 -73 -55 174 271 -257 186 -155 -10 -232 215 -28 -155 -3 224 -70 265 -291 2 219 214 -77 -24 -18 -151 -45 -187 -128 56 -157 -102 187 -166 272 263 114 -186 177 -247 -190 19 237 196 147 -113 145 65 210 -53 67 41 13 -257 -77 89 22 166 -208 247 -147 -54 48 -259 -115 -258 -206 -193 15 -50 -116 -220 54 -29 -27 -294 174 -285 59 -156 32 -122 -73 -270 -297 87 23 225 41 -37 33 26 -239 -115 50 183 161 -96 81 -125 -166 56 182 202 285 -155 -10 183 -278 157 18 -154 -246 -147 277 134 145 62 -149 -209 -223 0 291 -291 -88 88 244 5 204 -96 -268 136 185 -103 226 89 -159 293 92 -177 -263 -273 -162 -171 277 -126 -188 -240 -104 161 -145 297 -201 -85 22 -185 285 18 277 -65 -286 -18 63 131 211 -19 183 -293 -230 -220 -51 -107 -64 126 144 -236 -240 158 -109 -189 -76 250 99 -267 45 59 -276 295 -131 -247 -126 154 -79 47 49 150 276 218 -188 -85 -153 229 94 -295 -52 297 -94
815 1605
32 -89 -257 -113 73 -232 -220 -106 245 145 -255 167 157 112 99 247 283 283 185 -36 148 209 206 -195 -193 -193 45 126 -218 230 4 -225 -83 -75 264 181 -179 189 270 4 193 -213 132 66 214 -266 -282 -221 41 48 -204 -195 -203 -12 -215 -125 -239 -95 210 -19 -213 180 4 -19 -43 -64 -162 123 110 18 -151 0 269 -75 222 -186 -41 -243 274 127 -234 32 -113 -298 -268 -160 -175 3 285 -33 -23 -141 222 -173 -280 -119 177 -232 -202 55 50 2 -287 120 -232 43 -187 -157 -6 285 -262 -235 298 254 202 -294 -255 10 15 288 -54 93 -167 -265 84 -3 201 -207 50 -51 -261 238 -156 2 -282 -245 -289 -143 89 207 -110 -77 104 46 -37 124 -195 -125 -3 280 -120 252 -264 -15 185 150 -156 -220 260 251 284 56 -254 112 -163 134 -26 222 -264 110 -164 153 -270 -207 258 235 -215 -282 -232 -36 -56 194 228 224 251 175 167 92 -42 273 242 168 -111 221 172 211 -77 218 -258 -16 -125 -265 -184 -262 -41 191 0 130 253 -67 33 -244 161 -239 -72 150 -234 224 9 -132 128 -218 -195 86 267 -112 -46 70 69 -286 59 290 47 59 174 24 -290 -218 -25 -7 118 -277 3 110 223 -252 135 -56 121 -201 23 -174 -20 43 -35 -278 -32 237 164 -153 141 295 0 -188 -263 90 -289 -259 77 -148 -93 4 -57 226 -103 -56 -271 -7 -57 -216 161 273 -124 215 -172 -123 65 212 226 -164 -176 9 -156 -178 -159 -197 208 286 16 285 -136 261 216 140 -233 -161 -174 -241 -80 174 66 288 -33 -113 -108 -243 63 44 294 -131 -170 -140 233 -265 30 -39 -98 133 -129 169 -41 -78 -247 -247 80 -291 139 -233 66 -159 63 -73 181 -175 -279 -161 -109 -193 55 288 215 -108 -241 24 -226 31 284 25 -79 146 10 145 238 46 -20 -292 198 146 191 113 247 -103 -120 -185 -195 -102 175 -258 23 -35 -106 106 -224 -95 16 268 105 295 201 -67 -226 145 266 -142 -228 -24 210 277 -72 277 212 162 110 -276 -295 125 -68 -163 -199 -76 -79 -107 223 -170 -107 148 -232 -235 135 -97 161 -22 -78 125 -182 236 160 240 -250 -257 -129 53 -271 -47 79 62 236 -187 -159 -104 258 -143 -226 -199 180 185 0 -185 121 155 -128 54 -183 -253 -267 16 21 -277 80 224 -296 128 115 62 0 -157 -115 -215 -246 -221 123 44 -217 70 11 148 -174 85 -272 49 295 -189 -284 -253 159 198 196 17 -36 -262 -26 133 -233 208 238 58 -237 290 -233 -44 -151 -32 242 -39 -185 171 253 -168 139 -55 109 139 107 -10 252 -198 265 165 -47 -264 -128 44 39 197 151 16 -41 -64 -69 -281 -69 118 -231 99 -264 -114 -274 16 -14 51 103 -288 -19 -205 28 200 54 -85 208 -7 -266 199 193 193 -191 97 -34 -100 271 69 -9 160 -279 -85 -19 239 297 -160 -119 228 195 253 43 -231 -193 172 122 269 153 -172 -193 -5 277 -29 -86 -178 289 298 -149 226 -211 247 11 -69 40 -41 -256 256 8 220 -214 124 -119 -220 -64 55 257 -16 -135 115 -245 191 137 195 189 -172 -138 119 165 215 27 -219 131 -110 2 8 116 178 183 212 294 -127 178 -152 -132 -258 -53 -45 -99 -258 138 188 66 -203 -48 71 -216 56 253 -142 295 -249 -24 143 -62 -67 -35 41 228 180 39 -238 -100 235 28 -179 -288 267 -230 -273 -252 -144 -170 288 187 -142 121 201 195 -155 -142 276 43 28 -169 98 -78 -203 53 83 -131 -100 -278 -229 73 -131 71 83 -30 -204 -99 152 247 58 -298 44 -55 151 -42 -53 -171 -71 -147 -229 141 38 -181 206 94 -273 -133 54 -238 104 -93 -15 -126 75 186 51 -275 57 -270 23 219 211 142 262 242 -252 50 254 -141 288 182 248 229 82 -265 23 296 -19 4 55 -117 23 291 -186 238 110 -291 239 -128 -96 -137 148 235 -279 27 -246 -82 217 117 182 264 2 182 43 46 296 -197 212 6 -243 235 117 206 -44 166 44 -107 -288 -239 -35 -21 -288 156 -145 15 294 -274 201 -239 -174 -22 25 89 -251 162 295 175 -191 -192 -167 178
607 7 630 941 854 870 910 776 792 624 866 603 20 235 912 695 691 574 276 397 930 243 738 678 341 185 842 543 574 641 506 951 78 450 912 567 170 106 203 145 471 633 419 925 492 332 828 879 716 310 260 81 688 412 633 85 573 904 582 265 108 521 182 295 287 78 754 183 275 388 208 653 201 524 856 867 964 193 918 410 364 682 734 293 942 682 195 762 630 510 747 614 360 72 323 784 37 575 882 140 542 601 377 550 658 83 824 703 554 970 81 615 188 152 557 839 532 81 120 712 617 517 276 411 499 165 92 535 905 715 954 786 583 691 400 438 112 277 85 629 677 620 423 53 542 285 594 532 905 781 896 622 186 29 770 552 215 758 533 664 374 413 353 584 265 794 321 979 22 578 243 483 37 519 960 400 347 117 277 169 458 576 602 416 433 22 419 892 987 396 734 444 492 794 565 955 964 837 137 932 286 122 348 398 778 477 406 995 920 467 256 217 471 510 540 754 2 419 195 119 124 427 207 973 238 685 421 276 238 324 355 584 710 775 582 787 846 51 405 910 166 225 535 115 585 31 580 959 349 776 418 637 672 749 126 316 688 692 525 887 799 714 172 363 67 654 842 542 935 628 36 187 825 753 595 951 784 338 762 163 561 367 329 746 838 48 600 755 24 340 696 927 601 429 425 969 992 831 422 686 908 179 248 479 415 689 87 871 216 144 327 142 21 556 820 903 739 785 918 251 23 725 737 917 300 642 767 179 242 652 248 873 685 635 108 564 732 936 399 413 571 915 145 647 675 972 242 367 850 766 354 133 202 720 579 629 841 743 349 271 119 981 303 6 811 246 421 336 496 569 388 981 165 612 564 933 433 180 368 434 674 507 869 679 964 505 677 232 823 93 524 289 367 684 814 183 717 271 365 374 799 854 428 916 271 33 97 829 793 32 816 538 488 598 879 738 826 647 769 615 890 303 6 8 240 304 476 562 745 329 824 774 150 980 753 679 127 220 908 295 275 340 443 798 374 646 953 361 683 182 173 320 694 44 452 853 504 918 856 310 223 123 500 511 245 271 163 591 951 89 604 434 898 116 800 921 321 244 469 671 466 621 865 269 746 692 203 452 157 68 787 815 405 620 297 354 311 103 74 970 878 753 818 654 680 378 48 925 677 401 993 312 784 386 908 509 209 673 574 410 652 292 94 633 315 942 875 865 58 434 577 665 339 322 887 434 912 256 877 732 302 954 560 579 319 672 995 137 89 86 441 286 166 516 865 266 469 342 106 379 4 356 71 508 597 437 572 586 771 920 208 488 749 227 617 641 971 222 703 122 267 448 229 243 215 707 649 530 916 267 624 320 621 17 280 138 75 48 448 196 411 479 863 498 832 340 270 306 261 595 336 965 841 497 668 180 35 977 388 462 363 714 600 120 58 398 319 504 569 197 39 943 655 723 474 384 605 284 340 166 621 39 598 683 958 867 793 64 684 441 120 192 979 292 733 571 398 577 265 281 779 761 380 193 225 166 815 996 79 60 883 614 502 1 46 939 603 491 324 998 318 544 996 998 483 29 428 650 305 497 301 900 172 721 708 769 13 379 978 489 700 326 775 151 554 457 540 233 565 23 155 998 333 853 33 43 278 41 605 457 668 76 229 918 682 665 496 867 779 29 119 464 540 356 206 622 870 86 675 99 62 261 477 894 907 332 365 956 192 807 690 707 653 827 839 491 196 132 705 527 929 377 639 752 72 118 638 185 626 418 32 450 713 437 294 433 115 824 777 215 257 44 720 45 44 381 362 364 376 798 216 489 734 158 356 241 282 276 52 245 159 261 656 351 836 219 80 383 642 791 201 773 214 691 828
-250 170 123 -108 -210 4 -180 124 -2 246 -239 177 -197 143 142 107 -266 117 204 -37 -90 4 36 -105 53 -45 -235 -32 -167 -286 -142 74 67 -179 208 295 -102 89 -74 217 241 94 -159 25 91 251 55 181 144 50 101 -74 -43 145 -214 27 190 -132 39 -39 -134 18 -269 184 250 -242 -203 -36 177 -218 264 -160 -298 152 107 177 185 -41 -196 34 294 34 -39 -85 -91 245 -228 233 -6 66 -253 -54 -261 -287 185 272 -55 10 -288 -136 29 68 -55 166 24 -146 188 96 287 132 -276 -56 15 -222 -237 145 32 -69 190 -285 133 -166 -94 -65 165 -95 -166 -196 -222 146 -7 -276 -12 108 275 -92 -187 102 256 -2 -161 293 112 174 -160 -135 60 -245 107 -90 11 193 -90 82 189 -149 -126 -133 20 -171 281 -285 -25 111 91 144 -153 183 299 235 -219 269 289 -182 -161 -16 102 -291 -168 79 85 -248 63 -198 1 241 -145 84 -155 -281 215 -287 82 -157 -210 -110 -86 -57 0 -16 -277 -26 -137 -69 -10 -15 -132 -238 -80 237 -6 -61 193 209 23 -57 80 -52 -242 -257 272 100 -260 7 118 224 83 -47 -119 203 65 -6 -285 -84 -8 -242 108 93 217 -118 -107 102 -50 272 -161 156 268 -101 11 187 -239 115 -64 104 229 112 261 -259 224 -49 279 253 167 -104 116 23 57 60 75 166 -43 -244 -284 -248 212 -260 -50 -113 -182 -63 275 -178 -168 21 254 -202 39 284 51 -94 -189 -204 157 11 -42 128 146 -193 -181 -223 269 255 197 -292 -231 -216 229 -112 -160 241 -232 -36 -95 -75 -260 51 -207 131 195 -2 -174 -171 -126 106 73 -277 -217 -50 -280 -174 -27 207 -272 240 33 -139 -117 -93 287 -126 103 43 -216 275 103 156 210 126 98 -64 -195 204 -90 202 158 -8 70 -287 183 160 -260 -88 -8 -77 -22 -68 166 -284 -297 -86 221 -171 248 -123 234 -62 69 248 165 -71 -39 -191 -87 -125 -46 131 -162 -189 106 -162 126 180 189 -175 203 172 224 119 -296 -85 -240 -122 -41 -151 254 191 -64 242 -181 -24 286 -180 296 235 163 203 -93 232 -295 -158 256 216 110 -83 -243 -210 177 256 2 6 -246 -22 -140 -193 -126 176 232 29 -141 0 -61 -22 188 -105 32 192 161 152 -89 -3 -70 -220 71 -207 -219 -62 -291 -76 176 -242 280 -28 222 119 97 52 119 -226 -252 267 -15 71 91 -118 73 63 -272 -154 -8 -291 -107 155 131 -208 -81 -190 172 -122 -130 -22 -242 204 43 247 -148 87 33 -9 127 162 97 299 189 269 296 174 -188 -22 -292 -209 -119 -250 152 -153 -36 229 286 -286 285 115 -99 238 2 32 151 237 -55 -25 254 112 213 75 212 -90 250 -66 -287 -31 199 -228 -223 280 150 138 -217 168 -237 109 262 -67 -23 148 -81 -291 251 157 216 238 288 -73 127 175 51 4 285 -137 203 -96 168 224 -260 -69 231 35 261 130 -162 227 -277 -18 -88 -117 181 150 -45 -168 -204 144 -21 -25 -280 127 -215 -25 0 251 -200 -157 -238 124 -163 -133 22 -95 -46 -8 11 82 -94 -117 12 -84 141 -296 -208 181 200 201 152 190 -174 -133 -103 113 -4 241 178 -295 251 -299 242 -62 -44 -62 148 237 70 29 -287 -251 -298 85 1 -245 -60 246 284 -140 268 -153 -54 274 -266 1 -238 -292 206 -9 157 -273 -103 -125 34 -259 -3 151 282 -51 -204 180 45 162 -30 -21 269 191 12 86 -107 262 -90 34 49 104 167 -147 -152 -214 -5 -249 -23 247 -236 71 88 -178 -285 112 0 149 -138 185 -160 215 -219 -22 -95 -218 289 80 -15 102 167 96 -245 2 46 120 269 278 166 -167 -29 205 -58 44 -48 -241 -141 220 -221 -95 248 269 152 -42 50 -82 -17 -170 185 -209 -110 74 -211 -256 287 -31 -210 261 -16 -47 -60 239 -3 -23 91 288 -82 -212 -226 141 -135 95 95 149 -47 -179 115 -299 192 -237 225 164 -66 265 272 -11 74 22 87 -81 278 109 -224 -264 -121 -64 126 -249 206 -106 1 21 -162 105 244 -52 -51 -133 -154 138 -170 -293 294 -287 270 -50 210 51 -53 -69 -45 -266 141
915 1604
78 -252 -235 279 -196 142 -213 185 -57 143 -219 34 199 290 -61 110 -108 -64 -272 -245 221 -244 -145 -267 276 -154 295 209 -225 275 -39 117 -154 -222 68 150 -251 -296 -64 281 -156 -23 -57 157 248 110 21 228 -53 -186 106 266 209 119 -56 -68 -283 -110 -290 -154 185 86 -157 182 110 -91 -51 -7 -112 -154 163 220 -155 -147 -140 -190 -273 -92 36 -217 287 217 263 -186 -271 -162 16 -95 117 153 -122 -124 129 -27 -134 -20 44 24 136 139 277 160 159 -145 45 -283 185 101 -14 -92 -50 197 46 -109 -278 -144 -37 288 151 162 -259 -61 -158 217 247 130 -279 -239 -19 -61 -88 -261 -256 -243 113 -21 -178 264 -194 -205 237 -171 -182 203 -16 -27 28 -192 -133 190 106 -288 141 83 -10 196 -66 69 238 4 -69 -204 0 265 266 98 -105 184 39 203 -182 -100 -6 66 126 280 289 184 291 -82 249 -18 -35 210 186 -203 116 -171 -56 -127 -208 -56 -175 -160 -73 -155 -90 89 145 -67 -8 -142 83 161 -262 -202 250 80 129 110 153 276 -145 -85 2 -58 -170 -146 -35 99 132 -137 146 -96 -224 143 256 -198 -229 168 -101 -111 275 149 -183 -45 -273 -231 161 -124 -173 -130 76 21 112 193 -123 265 -283 -191 79 -144 -51 -114 222 289 258 132 216 -38 38 50 -286 -169 -44 201 2 45 -288 -84 162 -293 176 240 -138 -14 -159 -245 -104 -176 236 157 188 6 83 293 241 -101 -179 -121 174 39 127 -199 289 -262 214 280 87 25 47 81 11 -289 281 -44 -94 20 169 -128 142 155 107 -155 -222 -103 -238 91 -246 -8 296 115 238 235 12 231 -193 -92 -230 36 121 196 -53 227 -160 207 138 -121 140 -58 -44 -236 -237 0 -126 -141 145 165 265 -150 131 152 52 129 -220 -17 -31 217 -83 232 220 277 -184 200 -177 -183 -257 183 155 203 -282 270 -4 -202 -261 42 177 -278 -264 72 57 -82 243 113 -7 -193 -185 237 163 258 15 269 -68 -227 118 -54 -78 12 71 36 -97 -292 -202 -93 213 185 -188 43 -5 -175 107 -6 151 -194 216 -278 -28 213 23 61 28 -178 -158 -124 -7 66 -40 -243 -201 109 16 204 98 277 -226 -54 281 -252 49 -132 152 -40 -234 -80 217 46 -176 262 -64 -107 -152 91 105 185 265 -235 203 102 12 145 -96 -245 -105 96 -134 -296 -83 -156 167 -91 19 -79 233 -86 31 274 -177 128 -86 -52 16 -131 -220 -128 -50 -89 205 -163 -284 277 103 252 -287 -290 43 138 -258 245 -143 -245 107 161 -149 -37 128 -124 -29 53 -13 -88 139 49 259 -171 273 -228 205 -256 224 -214 4 168 -147 -22 259 -134 55 -226 212 -120 -72 -223 -249 -289 -207 253 292 16 -199 -83 208 0 168 -92 95 -252 281 -199 -49 126 220 104 11 78 -186 -199 -50 81 -94 -48 141 107 -201 116 96 -288 -65 261 83 -20 93 -44 11 -82 -276 -128 -244 -158 115 -241 -192 174 -271 135 -196 -232 -196 -220 -76 259 -176 -238 262 -92 114 207 46 30 196 -25 -193 -95 3 114 -274 260 58 -155 272 174 142 194 -259 68 263 174 -182 -183 -159 -264 -149 131 290 -27 -150 -291 164 166 2 262 282 196 -245 -31 190 107 212 133 -201 -206 243 -166 210 55 216 -247 -284 24 131 -181 232 162 164 245 296 -284 50 275 -109 -175 -89 -189 16 -134 41 123 116 -241 -196 28 79 294 -213 -83 7 143 41 -199 -147 222 41 242 137 -52 -105 -240 -50 -268 173 -274 228 139 18 279 118 -275 127 -282 -208 -258 -166 -1 -88 -210 234 268 140 178 -260 -246 22 -38 -79 -215 -283 -229 -152 -216 267 278 8 -259 261 -88 148 -277 -218 88 -207 117 253 129 -43 294 -213 -210 -215 -90 -127 219 -94 -81 201 -232 -257 -122 -15 49 -273 -128 -151 -170 -32 5 216 174 253 -290 73 -15 63 -32 -157 234 175 -180 88 -108 144 -280 141 -205 100 261 -227 195 -28 -265 -278 -7 -235 -178 -162 -141 41 253 276 -170 227 129 93 41 -68 -155 275 -107 118 -243 -124 -144 2 -202 -281 -50 -209 -56 -6 128 -151 -109 38 96 108 -256 4 -197 -277 288 258 -219 128 -136 161 91 -46 178 138 230 287 282 270 178 97 153 109 7 277 82 223 43 249 31 167 -7 -128 -83 192 9 -248 -102 283 132 -4 -64 76 229 -212 -290 277 54 -99 -236 190 -115 -168 280 148 105 69 -281 107 127 -63 43 -28 264 -140 -26 140 -94 -40 182 122 -234 124 -143 -203 6 62 -260 -147 -51 272 127 -209 -228 4 -289 -231 113 206 169 -153 13 -75 -137 -96 -156 -276 77 -10 -226 213 245 13
456 272 543 266 245 521 372 231 897 68 91 46 338 191 93 249 438 724 282 993 503 734 748 611 927 139 391 683 684 183 26 281 69 743 941 773 50 233 946 27 371 943 148 100 864 591 128 399 853 141 512 615 289 915 755 31 731 294 468 353 715 800 0 372 930 589 289 991 313 500 166 205 842 128 934 675 855 415 869 93 437 242 62 562 50 293 248 789 87 708 48 317 989 144 871 690 300 424 617 980 653 701 139 424 995 709 880 24 878 357 877 928 296 369 554 433 688 330 897 199 447 371 929 301 807 341 238 404 126 672 489 872 258 540 963 818 242 769 141 636 678 551 199 717 365 993 917 292 348 388 157 620 692 156 48 652 136 128 661 948 925 87 548 94 870 885 162 993 232 655 379 977 453 478 143 760 350 613 480 400 41 801 168 108 973 146 861 90 891 950 396 941 180 131 527 461 94 976 901 604 718 811 170 880 40 505 369 773 93 885 864 56 19 615 170 888 686 39 62 884 717 404 158 293 491 317 547 262 858 958 369 960 304 84 465 358 444 200 993 298 174 194 338 731 670 588 970 522 748 691 538 161 847 942 310 691 401 571 337 984 209 280 36 480 592 193 556 955 196 988 250 586 735 736 478 220 264 589 163 431 233 514 770 691 75 486 814 198 90 880 101 630 387 267 637 887 291 691 372 64 754 595 384 770 99 814 739 648 833 340 162 8 18 414 290 402 781 609 563 459 753 885 782 606 940 177 115 959 414 81 617 35 353 299 215 55 595 668 787 493 625 165 777 636 518 937 992 728 3 472 699 38 790 226 363 94 364 512 254 976 637 970 342 369 108 927 279 751 261 689 704 143 682 358 759 635 101 521 514 256 844 955 458 103 442 169 114 966 642 609 243 136 316 391 225 196 468 609 90 978 731 887 507 359 197 777 522 203 190 486 814 993 968 801 390 250 692 535 645 811 699 144 601 529 516 351 371 799 118 871 107 988 14 772 628 57 915 817 454 989 857 412 914 184 38 946 263 549 736 53 490 797 934 535 627 746 856 222 391 644 985 538 846 5 820 197 412 274 981 186 162 458 921 650 338 567 609 166 795 710 798 329 349 998 259 318 867 138 635 903 866 190 613 565 399 698 966 102 842 932 998 58 871 694 121 134 220 948 172 593 579 544 877 585 665 681 489 93 402 95 748 792 441 396 227 9 908 8 398 810 577 802 991 351 384 410 663 171 819 389 89 245 95 809 966 580 148 227 428 222 393 710 966 139 416 339 1 93 863 184 473 495 410 213 492 225 663 226 439 747 152 530 50 164 375 989 321 555 887 261 982 711 521 130 436 978 578 616 959 712 986 908 428 940 784 209 556 415 210 909 156 493 561 688 92 198 164 588 107 713 365 701 517 341 513 290 606 412 544 62 756 95 834 864 514 190 757 497 358 825 995 672 608 446 58 737 963 918 466 187 8 310 830 632 296 178 773 790 254 62 907 885 941 654 729 179 744 468 849 748 59 712 476 819 659 943 260 973 67 784 258 508 539 815 976 225 456 933 203 391 639 940 630 379 200 128 497 599 292 383 174 693 601 979 655 144 112 685 565 692 908 114 817 889 59 617 132 635 700 792 29 759 297 899 176 177 84 489 989 253 914 716 287 198 634 48 357 200 902 24 313 374 405 790 490 966 386 881 62 812 50 24 402 112 201 957 175 538 178 592 747 990 88 119 66 397 342 519 525 449 392 461 434 154 844 604 145 869 297 992 681 357 627 789 369 342 224 521 609 300 248 222 424 743 75 184 433 344 811 545 999 611 497 125 923 697 41 569 413 667 26 848 62 767 328 369 766 421 349 167 591 343 92 546 472 375 263 895 507 624 397 957 8 324 836 427 443 800 416 165 526 9 997 192 832 918 380 589 403 308 82 451 841 657 892 543 985 360 166 77 453 884 430 238 550 172 205 426 82 919 34 583 876 741 826 879 899 783 883 559 462 139 755 617 332 992 599 666 94 12 107 750 763 386 425 659 190 317 157 532 61 131 2 887 556 639 7 124 49 83 275 130 410 93 213 467 633 292 514 677 297 231 431 731 15
72 66 -57 -250 3 -18 -182 -2 -263 -84 -217 -283 -244 243 297 22 23 -63 -25 -133 20 70 -23 177 268 -95 -244 187 -260 -250 263 129 -220 -6 272 165 108 15 -193 -259 24 141 147 100 182 -223 -31 -130 101 166 213 -108 -92 141 -125 -135 127 -256 -142 171 -71 293 -48 -228 -138 -174 0 94 -51 149 237 102 210 218 8 33 -190 -250 96 0 -237 -262 38 -103 143 295 -127 267 205 -26 270 111 -131 -72 32 -14 -192 -274 261 -107 -63 -281 -78 -203 277 -165 -80 -237 -227 133 36 251 270 284 298 -235 87 77 35 121 -68 -194 -36 -92 91 176 -240 6 111 293 224 120 233 224 -145 -271 -162 251 -166 19 -148 71 15 -175 -255 14 227 -94 -146 20 -26 -248 -10 217 -73 -29 108 244 -46 187 -283 165 33 228 -164 280 -150 -133 276 -254 75 -90 154 80 -184 -124 -279 121 281 -218 127 -286 -176 -205 -262 106 -202 -260 -233 -262 269 118 -262 -34 213 -100 6 201 55 -285 -71 67 -205 287 -97 -231 295 -3 70 268 141 105 -142 138 -224 108 -292 -69 -241 69 -55 -265 -214 -82 189 54 -201 -52 -211 -230 62 85 -155 107 -92 -52 59 -1 145 291 1 211 -94 255 -48 -48 -194 93 -68 -179 -8 151 12 -63 128 113 -294 -218 80 -50 13 -259 154 6 -252 84 -227 -48 150 -193 -276 71 -99 -9 9 143 133 -122 -159 291 111 -128 37 -120 46 157 -47 132 -269 42 -213 146 93 -2 227 59 133 195 -262 108 299 -28 153 -281 109 -56 234 273 88 76 -228 272 103 154 274 66 247 54 206 -245 172 61 -286 217 0 -118 -99 32 -217 -208 -176 -40 -261 -32 111 -133 287 -65 80 1 24 -182 -237 184 -211 -60 -130 59 116 156 -15 0 155 -18 144 136 5 108 -199 -101 -177 -244 -57 -80 -238 -69 -15 104 222 226 -171 27 92 268 149 245 -100 -289 221 -85 -136 -115 138 266 160 277 256 -72 -28 223 -295 257 -51 170 279 -181 105 276 149 8 -89 -275 -110 214 -191 19 121 291 -16 94 -298 292 82 3 124 -134 -25 176 -5 56 245 -96 -246 -230 -272 -116 -7 90 183 161 -219 -281 -156 83 0 -292 -52 117 -220 172 176 168 -96 242 206 -108 -240 -57 -262 -288 200 -58 158 263 -289 213 286 153 89 -56 199 -160 40 60 -107 -15 296 -245 124 138 24 271 -167 127 297 -99 -95 -110 170 -287 18 98 166 174 -191 205 -39 -183 186 63 -3 101 -35 -142 -260 -177 226 230 -89 132 -247 -66 -180 -96 177 129 -66 -132 -192 20 -26 -299 223 -185 -19 165 26 172 64 -123 257 -213 -106 -291 -144 -195 -155 -24 -213 -93 -156 123 -263 259 -67 30 137 -8 56 166 -210 53 261 297 -60 51 -59 229 6 -243 -277 -10 -231 -137 -236 -216 271 57 -291 -276 -34 4 119 -46 215 -174 237 -295 292 -291 -215 -45 216 -140 -201 -59 78 -43 -11 -85 171 120 -183 -146 -121 255 -229 -215 -294 -173 162 -182 -285 45 282 -8 -237 0 116 -160 290 114 258 -128 -63 -11 -159 -37 165 -255 272 254 -270 -145 -189 -269 -147 -57 -229 -13 151 -43 -252 223 244 175 32 121 208 68 -259 233 -114 -232 -258 286 266 -72 96 147 113 53 -193 0 -59 156 294 160 -95 -263 187 -280 63 112 -40 294 -199 -83 -18 -207 -53 -233 153 291 -40 -12 231 222 -273 -146 136 183 -263 180 -269 179 180 43 233 -76 -43 -84 93 150 -251 172 202 -215 -229 -271 145 95 -289 -281 142 99 75 225 205 -244 -262 -212 197 -258 -227 78 -22 -253 -248 280 -122 49 -276 -193 165 242 -52 5 -6 -245 141 -180 -42 -251 213 -121 -171 111 152 -157 -129 205 -66 295 -219 -178 -166 219 136 267 -278 -113 208 0 -81 -292 -273 -29 97 -220 207 -241 207 -39 282 139 278 28 -297 134 80 175 -259 27 27 -44 205 6 -27 273 177 -58 30 262 -8 -100 78 181 -213 -206 -179 -55 -115 -241 93 -103 254 -158 118 -292 -13 -92 127 -253 157 271 278 170 -262 -187 -79 -111 -283 197 48 165 -152 3 0 154 -59 -140 -289 220 192 263 49 125 -34 255 -296 64 -211 -142 171 43 226 -253 6 276 -17 -268 -285 -267 121 -169 68 -189 -263 -81 274 119 38 266 198 -280 -26 -97 149 233 253 235 -298 225 -260 259 -154 -266 -7 -92 190 82 -104 219 145 -182 -19 278 278 -271 299 -283 -113 260 237 -141 -174 108 211 -144 30 -197 291 -35 -198 -208 -146 -291 -279 -77 -54 -136 36 -221 -30 -31 -299 154 218 219 93 -289 -119 164 -285 -280 189 117 -28 -109 -26 -31 -141 299 -179
0 0
